

[-0.007952000000000002 -4.000000000000001e-5 2.0000000000000005e-5 0.0 0.0 0.0 0.0 0.0 0.0;
 -4.000000000000001e-5 -0.00014400000000000003 4.000000000000001e-5 0.0 0.0 0.0 0.0 0.0 0.0; 
  2.0000000000000005e-5 4.000000000000001e-5 -0.00014400000000000003 4.000000000000001e-5 0.0 0.0 0.0 0.0 0.0; 
  0.0 0.0 4.000000000000001e-5 -0.00014400000000000003 4.000000000000001e-5 0.0 0.0 0.0 0.0;
  0.0 0.0 0.0 4.000000000000001e-5 -0.00014400000000000003 4.000000000000001e-5 0.0 0.0 0.0; 
  0.0 0.0 0.0 0.0 4.000000000000001e-5 -0.00014400000000000003 4.000000000000001e-5 0.0 0.0; 
  0.0 0.0 0.0 0.0 0.0 4.000000000000001e-5 -0.00014400000000000003 4.000000000000001e-5 0.0; 
  0.0 0.0 0.0 0.0 0.0 0.0 4.000000000000001e-5 -0.00014400000000000003 4.000000000000001e-5;
  0.0 0.0 0.0 0.0 0.0 0.0 0.0 4.000000000000001e-5 -0.00014400000000000003]

  -0.007952000000000002 -4.000000000000001e-5 2.0000000000000005e-5 0.0 0.0 0.0 0.0 0.0 0.0;
   -4.000000000000001e-5 -0.00014400000000000003 4.000000000000001e-5 0.0 0.0 0.0 0.0 0.0 0.0; 
   2.0000000000000005e-5 4.000000000000001e-5 -0.00014400000000000003 4.000000000000001e-5 0.0 0.0 0.0 0.0 0.0; 
   0.0 0.0 4.000000000000001e-5 -0.00014400000000000003 4.000000000000001e-5 0.0 0.0 0.0 0.0; 
   0.0 0.0 0.0 4.000000000000001e-5 -0.00014400000000000003 4.000000000000001e-5 0.0 0.0 0.0; 
   0.0 0.0 0.0 0.0 4.000000000000001e-5 -0.00014400000000000003 4.000000000000001e-5 0.0 0.0; 
   0.0 0.0 0.0 0.0 0.0 4.000000000000001e-5 -0.00014400000000000003 4.000000000000001e-5 0.0; 
   0.0 0.0 0.0 0.0 0.0 0.0 4.000000000000001e-5 -0.00014400000000000003 4.000000000000001e-5; 
   0.0 0.0 0.0 0.0 0.0 0.0 0.0 4.000000000000001e-5 -0.00014400000000000003