# problem=SEAS Benchmark BP5-QD
# code=Thrase
# modeler=B. A. Erickson
# date=2023/01/09
# element size=xx m
# location=on fault, z = 105.5 km
# Lz = 80 km
# t slip_y slip_z slip_rate_y slip_rate_z shear_stress state
0.0	0.0	0.0	1.0e-9	1.0e-9	13.273061180906112	13.273061180906112	8.146128035678238
1.1142019539785772	1.1151635366094065e-9	-3.0441193327412074e-14	1.0017292416327413e-9	-5.53597032853207e-14	13.273394223345713	-0.0016067851134111775	8.146128035677666
2.1837213243932427	2.1874448540248528e-9	-1.2010101539222196e-13	1.0034519024599707e-9	-1.1314731284655788e-13	13.273731610898361	-0.0032800844830854306	8.146128035676005
3.435846149127816	3.445232242686595e-9	-3.076835324491481e-13	1.005626448729576e-9	-1.8785432457367738e-13	13.274160519214643	-0.00543658833796725	8.146128035672577
5.0339124693687065	5.054726355077557e-9	-6.926578709607114e-13	1.0087505853798505e-9	-2.967770146659989e-13	13.274778023930013	-0.008566169994911743	8.14612803566562
7.163612549258095	7.208202901000284e-9	-1.5055147308566007e-12	1.0137715012030388e-9	-4.736679642490828e-13	13.275768493969553	-0.013610034049949475	8.146128035651085
9.280856918243252	9.361113682070943e-9	-2.7392350539682256e-12	1.0202220753070747e-9	-7.027406451315735e-13	13.277033932358542	-0.020070015736797762	8.146128035629228
10.936179709161042	1.105515908698447e-8	-4.089869257354058e-12	1.026860023001465e-9	-9.399085229586832e-13	13.278326452561512	-0.026674158659187264	8.146128035605496
11.952627122592277	1.2101447007986557e-8	-5.1360023441358594e-12	1.0320431199316562e-9	-1.1249155006926386e-12	13.279326815953674	-0.03176809054693836	8.146128035587218
12.690734969906275	1.2864898627406018e-8	-6.025474226052807e-12	1.0368601573092443e-9	-1.2916887157746923e-12	13.280240853882182	-0.03631836817095438	8.146128035571717
13.189147403020668	1.3382735702498828e-8	-6.703735204450538e-12	1.041335936466079e-9	-1.4363014770891495e-12	13.281066416199218	-0.0402322098007864	8.14612803555988
13.593704216281623	1.3804996819671302e-8	-7.314743316640064e-12	1.0464971540449911e-9	-1.5921061063952253e-12	13.281992540945364	-0.04441323290212003	8.146128035549156
13.937935023348322	1.4166256648002777e-8	-7.892380216414343e-12	1.0528356138725423e-9	-1.7740058742098168e-12	13.283103493607884	-0.049243440541262576	8.14612803553893
14.23781918911995	1.4483115130817026e-8	-8.455878794637604e-12	1.060871179999233e-9	-1.9971079608502806e-12	13.284483822046957	-0.05509001086226187	8.14612803552883
14.497164105228725	1.4759471629956359e-8	-9.007285000681496e-12	1.07093246408859e-9	-2.2712203408694107e-12	13.28618091550273	-0.06215208355020727	8.146128035518833
14.72116105921634	1.5000675437427943e-8	-9.551467402470702e-12	1.0834648914903983e-9	-2.6070642338617677e-12	13.288252129344311	-0.07061527200497604	8.146128035508852
14.900810932672226	1.519653621796128e-8	-1.0051841220074245e-11	1.0978698029307137e-9	-2.9840430337322416e-12	13.29057761632114	-0.07987103382075653	8.146128035499578
15.051999370650927	1.5363764790238695e-8	-1.0534503898286712e-11	1.115407227675648e-9	-3.4250872414597983e-12	13.293330111489846	-0.09038028095010861	8.14612803549054
15.18288139714597	1.551110144187869e-8	-1.1015614431928428e-11	1.1373481568635649e-9	-3.955478453584496e-12	13.29666607177579	-0.10257232438004837	8.146128035481425
15.303237019715086	1.56496158290996e-8	-1.1530138945797755e-11	1.1660504450317765e-9	-4.631118421191652e-12	13.300880696230623	-0.11742271777122029	8.146128035471568
15.395987281985825	1.575910010139495e-8	-1.1990632404998284e-11	1.196174825510239e-9	-5.329119197229278e-12	13.305146412071329	-0.13200196966212022	8.14612803546267
15.471384539319839	1.585043483280486e-8	-1.2418635279643847e-11	1.227865139910432e-9	-6.050555741558534e-12	13.309473282169288	-0.14629374688865743	8.14612803545436
15.537612487866426	1.5932876391874573e-8	-1.2844345044189984e-11	1.2630937277497973e-9	-6.830790209331392e-12	13.314101445597867	-0.1608918738573636	8.146128035446074
15.599856935786685	1.6012733749085935e-8	-1.3296217705114213e-11	1.3042533864082516e-9	-7.714467410984237e-12	13.319286176702182	-0.17640003332314	8.146128035437258
15.657209316054297	1.608881407280822e-8	-1.376546055316149e-11	1.3501825379404534e-9	-8.673225988144387e-12	13.324817735466665	-0.19207871096304407	8.146128035428099
15.71276236379928	1.6165243814072153e-8	-1.4276422021946574e-11	1.4028251759440328e-9	-9.747436986045927e-12	13.330866486805055	-0.20835549444122292	8.146128035418132
15.766542246849129	1.6242250808139432e-8	-1.483205461545868e-11	1.462533548264101e-9	-1.0944056389789688e-11	13.337398450929111	-0.22505567416637923	8.146128035407326
15.824026448008913	1.6328435751463132e-8	-1.5502922340337425e-11	1.5384050875566221e-9	-1.2439709461957065e-11	13.345269660513885	-0.2440721628437136	8.146128035394348
15.878141414159908	1.641394976903339e-8	-1.6220198344617455e-11	1.624800453441952e-9	-1.4120324482528652e-11	13.353733475977345	-0.2633404532813245	8.146128035380597
15.929842531507546	1.6500451992481842e-8	-1.6998567571668514e-11	1.7245398431981458e-9	-1.604935922502063e-11	13.362929404158036	-0.28318979274805567	8.146128035365848
15.977990424130503	1.658608151264811e-8	-1.782156386334495e-11	1.8355224758868173e-9	-1.8198766506204008e-11	13.372526844927775	-0.30297792739161583	8.146128035350504
16.017998863651975	1.6661616631826476e-8	-1.8590475234350885e-11	1.9428930701946603e-9	-2.028826687367521e-11	13.381255257037319	-0.32028239496816785	8.14612803533643
16.05986200221776	1.6745599320045223e-8	-1.9491530807566412e-11	2.072644512761991e-9	-2.282556489918038e-11	13.39117423109187	-0.3391661415048759	8.146128035320286
16.10313350616042	1.683860067524382e-8	-2.0544282357702576e-11	2.2303779517744985e-9	-2.5923619452437743e-11	13.402440778599761	-0.3596024549943931	8.146128035301922
16.154003714060366	1.6957584766746157e-8	-2.1972113162930555e-11	2.455666866873902e-9	-3.038000134082706e-11	13.417255208840762	-0.3850345383092665	8.146128035277878
16.199523684418196	1.7074826025673532e-8	-2.3464018699098643e-11	2.7037396887713536e-9	-3.534473785407966e-11	13.432102369136931	-0.4092140740497384	8.146128035253813
16.239531341133763	1.7188097569938946e-8	-2.4981356179321216e-11	2.9663722921819635e-9	-4.0674952694619506e-11	13.4464271742466	-0.4315407358009905	8.146128035230419
16.27214115510237	1.7288823109974102e-8	-2.6389701746429197e-11	3.2173469907921494e-9	-4.583630659319413e-11	13.459001310304778	-0.45040006807200456	8.146128035209639
16.306783624210702	1.7405528392239268e-8	-2.808660706900511e-11	3.5290160404044016e-9	-5.232402633731201e-11	13.473364899327736	-0.47108362873355325	8.146128035185724
16.34351932199337	1.7542202401967453e-8	-3.015672145319199e-11	3.924572935104967e-9	-6.066493365624248e-11	13.489953225545293	-0.49385746220027155	8.14612803515809
16.388873500740168	1.773346531228929e-8	-3.3191655644284125e-11	4.535440001892088e-9	-7.376482661597327e-11	13.512681892932747	-0.5234026303702836	8.14612803512035
16.431356587006757	1.7941130393241878e-8	-3.665235437260247e-11	5.2714436430316995e-9	-8.988362786959373e-11	13.536446739766255	-0.552682287203046	8.146128035080876
16.47009605421446	1.816124434726666e-8	-4.0489052126437706e-11	6.125606607542472e-9	-1.090074843237172e-10	13.560291258564165	-0.5807452203638553	8.146128035040928
16.49981862122341	1.8354948587347486e-8	-4.39938855370804e-11	6.933826907158181e-9	-1.2745880877095927e-10	13.58005611742354	-0.6031037443597166	8.146128035007429
16.531005403085956	1.8586769376399563e-8	-4.832970424391214e-11	7.969277983386423e-9	-1.5151537157327482e-10	13.602372693120646	-0.6273498798180962	8.146128034969346
16.56275217819784	1.8859853263186528e-8	-5.361349443511635e-11	9.285453272628659e-9	-1.8265480315957219e-10	13.627054046168233	-0.6529597599944743	8.146128034927159
16.601489486832246	1.9258187746593454e-8	-6.161925030603847e-11	1.138658416109892e-8	-2.33451000891433e-10	13.660260320332368	-0.6856822686429799	8.146128034870413
16.6434642355719	1.9798593641905195e-8	-7.296129279323668e-11	1.4546599997112315e-8	-3.1191643672909393e-10	13.700458973908232	-0.7232037770323844	8.146128034801432
16.68010346194314	2.0398472628080486e-8	-8.608961952574022e-11	1.8405721353985564e-8	-4.1043671106278e-10	13.739339177095497	-0.7578073581542417	8.146128034733858
16.71393628479981	2.1099742444259454e-8	-1.0202515051506195e-10	2.3307554134108493e-8	-5.388892307454991e-10	13.778566239538062	-0.791280348496704	8.146128034664482
16.742052097468854	2.1828677827583978e-8	-1.1914367752205008e-10	2.880503057064794e-8	-6.863249677359793e-10	13.813937236191205	-0.820226631186236	8.146128034601054
16.771842282576745	2.279816069724901e-8	-1.4263092331957324e-10	3.6709972157219804e-8	-9.030642226148491e-10	13.854695522390156	-0.8521266963450692	8.146128034527376
16.804593005025257	2.4190619550172618e-8	-1.775266704406458e-10	4.911752758849402e-8	-1.2517373327072153e-9	13.903998768152443	-0.8888442163851562	8.146128034437593
16.845764045479708	2.667601442764616e-8	-2.424038978175839e-10	7.375357229496133e-8	-1.9658545680298134e-9	13.973387953937499	-0.9377604063679121	8.146128034309399
16.882430012738695	2.9994960422350326e-8	-3.3280198424041615e-10	1.1032577164543109e-7	-3.062132287885169e-9	14.042600624335464	-0.9841154560634435	8.146128034178112
16.91915053490854	3.5077551083602804e-8	-4.770156966535595e-10	1.7204828832550078e-7	-4.9751168262576275e-9	14.119327160646398	-1.033227897351747	8.146128034027214
16.946934960773806	4.0839220590049646e-8	-6.464232286039678e-10	2.4836223452055457e-7	-7.410679776542999e-9	14.182876755671531	-1.0721558877193185	8.146128033897801
16.975438668542385	4.956315661882696e-8	-9.112986959042717e-10	3.742068875927413e-7	-1.1535251781154559e-8	14.253964336891313	-1.113708971532447	8.146128033748976
17.004573109513135	6.335338913102589e-8	-1.344194498112014e-9	5.925696879511855e-7	-1.8893989442507095e-8	14.33387047483526	-1.1579785235471618	8.146128033577037
17.039696831176194	9.194867307683146e-8	-2.27702328118521e-9	1.0965133479250896e-6	-3.644221748902699e-8	14.441153137104356	-1.2139775050244999	8.146128033337487
17.079168856086568	1.5693267632540728e-7	-4.495564488154959e-9	2.3877530203427545e-6	-8.322480831122097e-8	14.577144449928328	-1.2806326647888593	8.146128033015543
17.11448773534176	2.8375421690188725e-7	-9.025665755752122e-9	5.204099909970761e-6	-1.894379135952228e-7	14.713382421523395	-1.3437355831377011	8.146128032667042
17.148504086787668	5.580175609756727e-7	-1.9253554165549663e-8	1.1966974102358336e-5	-4.5450765196611923e-7	14.858473035922277	-1.4074467405624207	8.146128032262071
17.17502681199958	1.0195720866986852e-6	-3.7115186317678785e-8	2.4517427772636872e-5	-9.628775308941662e-7	14.982338669353862	-1.458861348273466	8.146128031886779
17.203497797741814	2.1121609007374776e-6	-8.09227392675497e-8	5.742089140377715e-5	-2.338418528865952e-6	15.127596645845871	-1.515515221256066	8.14612803141059
17.23369135609613	5.07684591989626e-6	-2.0442508927619887e-7	0.0001572958459046803	-6.659416670315127e-6	15.297351923495139	-1.5771419367048365	8.146128030799833
17.27180058399767	1.8279467688600754e-5	-7.807461877169335e-7	0.00066398003089514	-2.953786965139572e-5	15.53676456258318	-1.6572669846851116	8.146128029820058
17.30810979942263	7.515532707621715e-5	-3.3874395594094256e-6	0.0031179868767349066	-0.00014546781678298528	15.79234775413499	-1.7361590747485773	8.146128028582677
17.34331768045545	0.0003476106385885688	-1.647535918262474e-5	0.015639201393690728	-0.0007641861642162086	16.06639658043272	-1.8149015668275221	8.14612802697299
17.37361017404922	0.0013455375257364947	-6.642400017795445e-5	0.05824170560741815	-0.002960510124578732	16.32299930875623	-1.8838987339027105	8.146128025125593
17.40064595597365	0.0039969756565612575	-0.00020392620084053813	0.14670304037181928	-0.007719836244702633	16.568473414419305	-1.9458239107555846	8.146128022969199
17.428840046625712	0.010035013066910027	-0.0005279860693313772	0.2885802537894341	-0.01573084134237956	16.841349891850538	-2.010231086046989	8.146128020010792
17.461112664545308	0.022508621975307893	-0.0012227066465583245	0.48926915734329846	-0.027738424933391057	17.17542611557938	-2.083422436897218	8.146128015354567
17.500157734051403	0.04680634560990547	-0.0026349358714328358	0.7583981261057472	-0.04502079959363604	17.6115620552824	-2.1711509002670826	8.146128006939149
17.535018142497886	0.07759616709964119	-0.004501506534228697	1.0089945176885955	-0.06232799740437143	18.030970107336927	-2.248651670301803	8.146127995276748
17.57016654551776	0.11755745516446928	-0.00702054488188821	1.2651737586822802	-0.0812338392395536	18.481901057283228	-2.325521612208452	8.146127976910588
17.596543783309343	0.15347442872350084	-0.009359918194953009	1.4582321119128707	-0.09625630800401883	18.837617979328108	-2.3816765873814028	8.146127956178649
17.62422255129534	0.1966455936021455	-0.012250326067393439	1.6612978658136701	-0.11271017493107297	19.225503491763376	-2.43843668391367	8.14612792442478
17.65277057982864	0.24706946310720826	-0.015718357274045483	1.8714021822563054	-0.1303626092879804	19.640221518393002	-2.494108973816769	8.146127875224064
17.687658026163792	0.3168562408056993	-0.02065539668144045	2.1295973105377883	-0.15282405736517518	20.166714034144633	-2.5579178113035272	8.14612777816159
17.724933424885624	0.401414828298503	-0.02681521172646377	2.407770863939227	-0.17784679638139347	20.75313552661124	-2.6209869313285568	8.14612759605559
17.759419781172333	0.4889139153044551	-0.03335957018314076	2.6667844179947546	-0.20179040733628822	21.316806905802437	-2.674478994187707	8.146127295930746
17.792046994213933	0.5799168295528033	-0.040318390179711956	2.9111722581497506	-0.22478394614244676	21.866248495754558	-2.720237086339128	8.146126799668364
17.817990248015448	0.6579338291126262	-0.046385751542760915	3.102665165570192	-0.24289930881545407	22.311465591742746	-2.7526566126859984	8.146126152516835
17.84574383263851	0.7468337163770515	-0.053389996810552745	3.3027883014208177	-0.261724436052154	22.793035749412315	-2.782902271247356	8.146125050000967
17.87564054366973	0.848720951307932	-0.06150652694263533	3.512101490606753	-0.28107127618761496	23.31576892343081	-2.8100628492287196	8.14612308460332
17.913187367041523	0.9853976228629328	-0.07249248690880367	3.766892911844351	-0.3038218336602195	23.977061479865288	-2.836406139816998	8.146118597752888
17.947711761946696	1.119394591153221	-0.08331950096480728	3.994494889862161	-0.3231087161152162	24.588978407411744	-2.853384748456171	8.14611083349736
17.98253796450475	1.2623966773707762	-0.09488342255932278	4.2161222206931175	-0.34059314891908515	25.20701895960146	-2.863716430672909	8.146096374694581
18.01135278223516	1.386402436566836	-0.10488020448286667	4.388829146063514	-0.35286570244738774	25.714902988363136	-2.8672904783792514	8.14607552936055
18.037892917446076	1.5048461759604026	-0.11436835811030187	4.534278720053415	-0.3616934090038201	26.17585279840172	-2.8668063854358516	8.146044504160582
18.065389553427934	1.6314014132103032	-0.1244054603254591	4.66784985679726	-0.3678349845298964	26.643136131493204	-2.862709361864261	8.145993508750825
18.097027596400153	1.7812322812829564	-0.13610359338565348	4.800163085017508	-0.37097764282245366	27.166077347400567	-2.8537611547298396	8.14589734204311
18.134463368277956	1.9634779559597004	-0.14998260337669045	4.932347911528759	-0.36962925128061686	27.764898135052857	-2.837733711241608	8.145698089964394
18.16835765038007	2.1324025963366724	-0.16242659591653394	5.0321416960644045	-0.3639498684801118	28.287398939717505	-2.8185035713655218	8.145384798363098
18.20250918725985	2.3056528978073927	-0.17469591004541335	5.1089233067267985	-0.3537902110224982	28.791775426812666	-2.795175266086712	8.144860302248969
18.22811357433323	2.4369448996850673	-0.18362139893809515	5.142173671294514	-0.34289083516296603	29.153676417054093	-2.7757498065093253	8.144260320526646
18.254961208023357	2.5751084796948045	-0.19263581620316578	5.14354135157559	-0.3280057295870053	29.517456850636336	-2.7543060144315397	8.143359834104768
18.28272052315316	2.717347340726866	-0.2014788452204064	5.094290212528409	-0.3083238013330855	29.876908730799663	-2.731514371383568	8.142029599435839
18.316171195092362	2.8853980851296352	-0.21129874528015807	4.928828725564318	-0.27724901484150716	30.289476933909057	-2.703477297254053	8.139679597115926
18.351628831471128	3.054058571556307	-0.22037496662528308	4.539770964415916	-0.23250944528792086	30.705113110868318	-2.6729588318960245	8.135934557365449
18.384998749333214	3.19607303985749	-0.22729094724565752	3.942213172164703	-0.18128380033942024	31.076738380884333	-2.6434158353412474	8.130753656575196
18.415447239403278	3.3066861041315825	-0.23210685206543225	3.325917355263742	-0.1360966511102085	31.398413269876386	-2.6159960589355196	8.124121889873473
18.440355741153894	3.383694708149254	-0.2351007802546074	2.8689493488512237	-0.1054064285491825	31.648242834864668	-2.593579010217077	8.116958047171751
18.466913070582454	3.4543438584553177	-0.23754583314847172	2.466967269436048	-0.07991332594371378	31.900605361143086	-2.5699928571319517	8.10718628944473
18.495075448827187	3.518963028012927	-0.23949859730428338	2.13775032651475	-0.059799131974481244	32.151972610453335	-2.5454362290622736	8.093914631482875
18.52974216597666	3.5877219109500604	-0.24124585118095965	1.8478771486797063	-0.042045796060063007	32.438443457793944	-2.515545727644654	8.072582399908498
18.5615746858484	3.6434833109356	-0.24238574271961796	1.6668848293057923	-0.030094423192053587	32.67906025525207	-2.4879357225881935	8.047145497809343
18.593403581438086	3.694437759754358	-0.24318734849879795	1.5425328752963252	-0.020582729647173132	32.89720234771076	-2.4598370563714633	8.015063271858969
18.62273755759778	3.738430620136285	-0.24367967604463134	1.461084524366581	-0.013162349467194499	33.076893566357285	-2.433475820162937	7.978717468066213
18.647313054255928	3.7736703270389804	-0.24393464874404003	1.4087090523940793	-0.007690214350268994	33.210470466165	-2.411153341841155	7.942677577885537
18.673185593422676	3.809519667553229	-0.2440657655753514	1.3640202762720828	-0.0025410855215498725	33.333473113607006	-2.3874773545397074	7.898733631077783
18.701469493596043	3.8475178133612684	-0.2440649874698469	1.3243507315973588	0.0025096915195374292	33.44671659537961	-2.361293002331867	7.843132571291279
18.735807431030487	3.892326628280206	-0.24388156753857018	1.2875479323000325	0.008102528973356657	33.55434287548916	-2.3286751160518344	7.764277376066465
18.76678735040457	3.9318337156233962	-0.24355562095443883	1.2644933118557746	0.01292730560630758	33.62358771974549	-2.2979831740162537	7.681778509656455
18.796684461643682	3.9694106029933325	-0.24309958040441867	1.2505047260894304	0.017591308087544586	33.665523412121985	-2.2668847064329247	7.591384087913088
18.822408034793533	4.0014837291687195	-0.2425947923481699	1.2439186303495582	0.02166460773786718	33.6820119436819	-2.238907668477337	7.504762429626276
18.846431834756086	4.031331302385173	-0.24202821589470364	1.2414589807536782	0.025508999432460544	33.68097183307403	-2.211811767824202	7.416212964514952
18.8712029666652	4.062086254135001	-0.2413468143094653	1.242219992698361	0.02951639195436061	33.663318778161155	-2.1828824930062707	7.316938595668778
18.898873854935154	4.096517536146992	-0.24046701981580804	1.2471773263313477	0.034100117169737834	33.62397312804694	-2.1492032352845944	7.1961934869510715
18.92861420200522	4.133755995781778	-0.23937670614739093	1.2581019335807684	0.039278428485437895	33.55911238938982	-2.1110402136042983	7.054454934302383
18.957936526649785	4.170882664612818	-0.23814528467458518	1.2753265343557516	0.0447943710104603	33.47276320664324	-2.071043213840714	6.902132282163
18.988458552129202	4.210172757947831	-0.2366832663226494	1.3004272935634629	0.05111288438513417	33.35954784119755	-2.0266437351224833	6.729772556269281
19.0110537914437	4.239810477013036	-0.2354714525356159	1.3235478797476419	0.056209884624561626	33.2603533746177	-1.9919255720598128	6.592744454182114
19.033561856742224	4.269893593642522	-0.23414577934852868	1.3501178243759613	0.06164528704959411	33.14834312887878	-1.9557982531580378	6.447968025417005
19.05643706690043	4.301119521569311	-0.2326688957355216	1.3805689459071182	0.06754498379589885	33.0207895974047	-1.9174772838117813	6.292075670591295
19.08213026410391	4.337074361399886	-0.2308431818905284	1.4189730181827656	0.0746634136631072	32.8607578945588	-1.8723789775259074	6.106071115308587
19.110846323076235	4.378503515330147	-0.22857672336203608	1.467473279491417	0.08332184348115733	32.660488018840304	-1.8191572986423252	5.883966370095684
19.136830289311387	4.417262622842767	-0.22630205654075833	1.5166902844616617	0.09188119554294996	32.45928383222444	-1.7682460323261797	5.669495739195736
19.161031089121774	4.454568696393492	-0.22397528502865183	1.567061665930497	0.1005138085293522	32.254202717371726	-1.7184236970294884	5.457709772855764
19.17955758055021	4.483980008213395	-0.2220485530410088	1.6083702475126194	0.10754245004088235	32.085203770279094	-1.6787606027600963	5.287445956317428
19.198794616045056	4.515351326569593	-0.2199066526641282	1.6535586009363359	0.11520220748406584	31.89824098888261	-1.6362283900402115	5.102945405539503
19.2184743475745	4.548366378270729	-0.21755942710014273	1.702048138818276	0.12340017638092562	31.69439583708327	-1.5913095781280355	4.905842478587793
19.240915375495	4.587207462303753	-0.2146812914944139	1.7600407319747096	0.1331828244846462	31.445812837510566	-1.538319685706558	4.6704710452542315
19.26329728701796	4.627274031293218	-0.21158702103395235	1.8206779357871035	0.14338655334201372	31.180096090605083	-1.4835726607586546	4.424129778716152
19.282233500498904	4.662253001048459	-0.20878753068744343	1.874011162725741	0.15233197336578158	30.94087965330332	-1.435849086013756	4.206429383244065
19.29701022816221	4.690259389725234	-0.20648398315635216	1.9167444331754393	0.15946722666638047	30.744699760816946	-1.3978239694808656	4.030506624355625
19.312264118105023	4.719839144669596	-0.2039946736349352	1.961710219765717	0.16692902129086207	30.533146299981617	-1.3579565193693277	3.8432488104888
19.327756016838517	4.750588357497443	-0.20134953669825192	2.00811834961068	0.17456316380457387	30.308595928836617	-1.316915392196097	3.6471027097060458
19.344835042368715	4.785327029790075	-0.1982961961279915	2.059978733281054	0.1829860901549979	30.04932449829678	-1.2711283490059906	3.4237984171039044
19.359470541529312	4.815803592336946	-0.19556564321672845	2.1048048718070147	0.19013696928629897	29.817004104062526	-1.231580351638078	3.2264838746791065
19.371663159724175	4.841694862756439	-0.19321162775005574	2.1422331629425773	0.19597743662911754	29.61604824942885	-1.1985607700249896	3.0578726664176963
19.384302934344184	4.869016991576726	-0.19069717417516863	2.1809347845529965	0.20184941659963324	29.400388530293974	-1.164414614421134	2.879000157640656
19.396235864652738	4.895258805428696	-0.18825658468421597	2.217233637867593	0.2071586486825292	29.189772278739298	-1.132398697588661	2.7063145178879133
19.407650142844922	4.920763567339291	-0.18586428748579797	2.251627872962641	0.21197012262857975	28.981814034295454	-1.1020949356244372	2.537666883166756
19.419555692716493	4.947781902498003	-0.18331237966059852	2.287072533593385	0.21666315014319126	28.758040718381594	-1.0709238767743243	2.3581550384361356
19.43186523148948	4.976157559987036	-0.1806174696999861	2.3231838304362955	0.22112482770528527	28.519216226579996	-1.0392509474259002	2.1686954316968596
19.44552254494287	5.0081556252010415	-0.17756652098626666	2.3625356193545843	0.2255694614747871	28.24526230448402	-1.0048546807618628	1.953932804488558
19.459124447516025	5.040552548587672	-0.17447142439189578	2.4009093180846306	0.2294315459793609	27.962897816138266	-0.9714455878268063	1.7353225841586672
19.474123881912252	5.076875851467636	-0.17100238412360538	2.4421915163703534	0.23300137683354227	27.64030116347541	-0.9356439774653925	1.4888794572573896
19.489450922563957	5.114622919470938	-0.1674081604342199	2.483141089442941	0.23586863303863007	27.29821686424374	-0.9002257535485919	1.231386168644526
19.508130955837988	5.161459869746448	-0.16297794937448065	2.5311404785000007	0.23824899223148469	26.86380755399119	-0.858676709314575	0.9101929216498164
19.527622869590317	5.211264457544207	-0.1583207486492012	2.578684977979778	0.2393767703700562	26.389576057933297	-0.8172227547608482	0.5672334414075046
19.546897849080224	5.261399511874448	-0.15370712635438263	2.6229375903877217	0.23911234462051553	25.899765499763898	-0.7781197006789193	0.22187382658427124
19.57086429700094	5.324883952463315	-0.147998594272958	2.6741526406944507	0.23693260633396535	25.264002517924013	-0.7320560315541033	-0.21109847141150714
19.60439704406149	5.415666002759375	-0.14014815839826342	2.7390685527903353	0.23069886421207983	24.337718570407368	-0.6723312602751179	-0.794650568274188
19.63391802619241	5.497281822810527	-0.1334546361275124	2.7889577712034797	0.22233388992142697	23.52021168504253	-0.6248012885926537	-1.2145595950370973
19.66216023387301	5.576620603181688	-0.1273178864168816	2.8278023193772155	0.21184191338750663	22.796555355545983	-0.5848961537360087	-1.450296792048376
19.689999782424092	5.655754793159378	-0.1215910326361005	2.855379576907086	0.19922353049579808	22.196611874121754	-0.5517672670688754	-1.5302563092123225
19.722028130044546	5.747540743895452	-0.11547411091386274	2.8738699458341754	0.1823826466704375	21.6660806594833	-0.5208370683653187	-1.527499076362342
19.75460739116652	5.84127444239578	-0.10983856399079575	2.8773807237337694	0.163281225589775	21.271473041620297	-0.4953636367665743	-1.4916428878079335
19.78067815047936	5.916159949390436	-0.10579418836542796	2.8646352688038026	0.1468271666533503	21.028696372373975	-0.47775564257052566	-1.4582517515922995
19.806966796517642	5.9911012798265775	-0.10216094786207844	2.8336767799407565	0.12949901417766266	20.827411141347536	-0.46140646317889683	-1.4252342558002047
19.836541692449398	6.074137159638773	-0.09862312494756154	2.7784021549839157	0.10976879221928232	20.637682503031456	-0.4438563071151494	-1.3902821126154001
19.868493065039253	6.16169754627372	-0.09544955297894024	2.699359460877794	0.0890579920708267	20.463883834620226	-0.4249853240154991	-1.355346536500106
19.893220697885873	6.227554988852987	-0.09343579796631311	2.625404757680558	0.07399263070108002	20.344477525421226	-0.4097761737211723	-1.3300814217244232
19.918462803903743	6.292758061084977	-0.09174945963262718	2.539217195383529	0.05985068138672947	20.23200084938082	-0.3933457918265654	-1.3055504675465912
19.94772766390115	6.365487860913739	-0.09021589568633488	2.430041535776562	0.045304163316684895	20.111320222685123	-0.3730429579474898	-1.2783459887813313
19.97775295985826	6.436699373530158	-0.08905137675220486	2.312781799868706	0.03267078641365882	19.996929807419683	-0.3506927283284545	-1.2515329899889527
20.00134203346367	6.490147652274525	-0.08838023119751057	2.2186249724055096	0.02448997376454291	19.912678740077098	-0.33192000950828754	-1.2311078378666884
20.027447607761054	6.546697908036286	-0.08784015617490266	2.1138689503040657	0.01717807274905525	19.824468109189	-0.30990024176496517	-1.2090498010425934
20.058252342566607	6.6099315544021024	-0.08741689173796445	1.992103757835537	0.01066049045374136	19.726732838803592	-0.28240392666334785	-1.1836599075355685
20.08191213406689	6.655982564299493	-0.08720974514900912	1.901065925795263	0.0070379825940035294	19.65598699962806	-0.26029768875544285	-1.1645837776597927
20.105679521686373	6.700105042859023	-0.08707507187422735	1.81227911884613	0.004457801553072558	19.588372776095255	-0.2373287953919261	-1.145764459348214
20.133622964101246	6.749333807122417	-0.0869796510356932	1.7119601625583194	0.0025557968262506594	19.51301292668024	-0.20949621974309876	-1.124053317734603
20.156762409745777	6.788022195913988	-0.08693114226948952	1.6325336922133733	0.0017396486009956516	19.45376222397048	-0.18590084076540694	-1.106399322408567
20.179038117623488	6.823566120232585	-0.08689613062857418	1.5592634284724556	0.0014808549887156918	19.399216201559025	-0.162821373507705	-1.0896716442321623
20.203721908025663	6.861090163506968	-0.08685814133527477	1.4817623582329975	0.0016702495366484288	19.34142549021316	-0.13694069927712374	-1.0714312548267215
20.226098721287855	6.893492505669938	-0.0868156502963936	1.414818831734444	0.002172291385188535	19.291266765487993	-0.11330901454380186	-1.0551550370395435
20.247565349038787	6.923200382976631	-0.08676184056511611	1.35345791492868	0.0028706574715114345	19.24498233599617	-0.09058908575999895	-1.0397643205421647
20.269984142396424	6.9528516767900825	-0.08668780178615614	1.2922344493256779	0.0037552168805406474	19.19840771686738	-0.06692233139401786	-1.023915474908948
20.291555477954105	6.980115213477892	-0.08659676770672138	1.2359343349377059	0.00469481637618656	19.155149960641506	-0.044333239598193276	-1.0088730844501845
20.312545294774758	7.005502612384168	-0.08648830310036487	1.183451199166869	0.0056418241614309365	19.11439216491534	-0.02265378909623298	-0.9944221393064296
20.33393706419164	7.030266092381285	-0.086357341377965	1.1321346762229252	0.006597667845105511	19.074082382748202	-0.0009884912936669956	-0.979873279421214
20.353774142234634	7.052267543895044	-0.08621796656474805	1.0863585587284885	0.007446248940304755	19.037703471531618	0.018619235468951355	-0.9665339445015688
20.37465241916622	7.074460975081839	-0.0860536995244745	1.0399070458144084	0.008277280991404973	19.000348894623546	0.0386716549655712	-0.952642616532529
20.393831709449632	7.094008085104384	-0.08588818508805793	0.9986674776538043	0.008970302939156863	18.966790489078594	0.05650609466912734	-0.940006571946252
20.41273951258134	7.112516148152773	-0.08571270076814452	0.9592456128191535	0.009578994241845077	18.934343046982153	0.07350064849384304	-0.927657971340792
20.43438370193432	7.132802311217462	-0.08549868697069772	0.9155050000358542	0.010179135194053442	18.897894875195835	0.092210514246938	-0.9136442417638512
20.46285047834389	7.1580689881591	-0.085199543887573	0.8600372521254316	0.010807264573952268	18.85095305972333	0.11558053296813671	-0.8953926434215714
20.501992250316334	7.190294612406911	-0.0847643117181426	0.7871987283538374	0.011375577180103983	18.78796606292299	0.14539485929496018	-0.8705870573053474
20.553912186226267	7.228772752903167	-0.08416459639812275	0.6959754353873969	0.011637516608634853	18.706603855720985	0.1808292143942513	-0.8381090827971792
20.621171898899508	7.2718327141443035	-0.08339029615221868	0.5858836087584691	0.011267771616451155	18.603851031282375	0.22000256836596985	-0.7965789638186438
20.710517080971073	7.3181229909744285	-0.08243958813143899	0.4528307428618756	0.009878728221953598	18.470356450027218	0.2611758164570576	-0.7420626092143852
20.837147887450275	7.364890982897708	-0.0813628895667104	0.2914961674311942	0.007044368407908067	18.285386695459053	0.3012111359078129	-0.6657205303545599
21.00753174429874	7.400132730470828	-0.08048577387024103	0.13477206450005239	0.0034363173814188335	18.048253376266683	0.3293078673909758	-0.5652799960964369
21.231239942504367	7.417521599594241	-0.0800400445396251	0.03856116702197589	0.00098938228087364	17.780466709067085	0.3413012188017507	-0.44150402033860464
21.534736789422087	7.423251182460873	-0.079893385890385	0.007981941435703539	0.00020369684533040424	17.517640944904393	0.3451784912222116	-0.29629315309739734
22.047359334992706	7.42495952490642	-0.07984981216335098	0.0011614877281789153	2.964115226994632e-5	17.243818971524117	0.3473175200157216	-0.10744594954240301
22.91099058356096	7.4253438329636055	-0.07983999073215743	0.0001368231568936394	3.506633698953854e-6	16.988198667606202	0.34868225649885726	0.11021147829093754
24.215556045358294	7.425413235011647	-0.07983820913524696	1.6665364324508398e-5	4.289162432619086e-7	16.776556626210652	0.34931462532839813	0.3227933546123644
26.00611786386535	7.425425674940659	-0.07983788862473375	2.4106695659196767e-6	6.220182779206022e-8	16.60793281119602	0.34939335829584295	0.5133819755017193
28.36773905120619	7.425428218460113	-0.07983782296099808	4.131141887268211e-7	1.0671436670998474e-8	16.46983757001977	0.3491502537734856	0.6834872009626072
