# problem=SEAS Benchmark BP5-QD
# code=Thrase
# modeler=B. A. Erickson
# date=2023/01/09
# element size=xx m
# location=on fault, z = -105.0 km
# Lz = 80 km
# t slip_y slip_z slip_rate_y slip_rate_z shear_stress state
0.0	0.0	0.0	1.0e-9	1.0e-9	13.273061180906112	13.273061180906112	8.146128035678238
1.1142019539785772	1.1155987832736325e-9	-2.3460161924749674e-13	1.0025370174152046e-9	-4.2709888452534006e-13	13.274397162276276	0.0010291796262720486	8.146128035675947
2.1837213243932427	2.189221201399879e-9	-9.274333197358043e-13	1.0051731105322594e-9	-8.75400841377937e-13	13.275764478715026	0.002080880089355321	8.146128035669268
3.435846149127816	3.4499149842638828e-9	-2.3811281965543135e-12	1.0085764715887356e-9	-1.4577812364539013e-12	13.277511187057556	0.003423105934056441	8.14612803565541
5.0339124693687065	5.065548326838006e-9	-5.374346749371934e-12	1.0135380028897255e-9	-2.311191851672354e-12	13.280032940752278	0.005359625433733352	8.146128035627168
7.163612549258095	7.232318886136218e-9	-1.1719759814044093e-11	1.0215987789487765e-9	-3.70509969754571e-12	13.284084943859911	0.008470068055122775	8.146128035567955
9.280856918243252	9.405818487574722e-9	-2.1392910372415174e-11	1.0320446060620058e-9	-5.5216710492142e-12	13.289266897961541	0.01244734351859863	8.146128035478679
10.936179709161042	1.112273687015291e-8	-3.2026948932562176e-11	1.0428720009111235e-9	-7.414751302452957e-12	13.294560518350819	0.016510063604174	8.146128035381508
11.952627122592277	1.2186917378499986e-8	-4.029193379444864e-11	1.0513559852747424e-9	-8.90083139732151e-12	13.298641488636397	0.01964035242995843	8.146128035306583
12.690734969906275	1.2965684777289371e-8	-4.7340002531072807e-11	1.0591646579329298e-9	-1.0251610580277799e-11	13.302285040447511	0.022426231882922483	8.146128035243093
13.189147403020668	1.3495257479334875e-8	-5.273159061971818e-11	1.066236630891793e-9	-1.1437899309539058e-11	13.305417730433481	0.024804388293904998	8.146128035194819
13.593704216281623	1.3928130017794343e-8	-5.760744861946374e-11	1.0741956385288472e-9	-1.2734651950263744e-11	13.308765197142591	0.02732591710266317	8.146128035151449
13.937935023348322	1.4299455539997658e-8	-6.224031483509762e-11	1.0837992009210605e-9	-1.4270899658879994e-11	13.312638797618625	0.030225139153295215	8.146128035110566
14.23781918911995	1.4626166284984867e-8	-6.678927856015724e-11	1.095852258424426e-9	-1.6183100587982192e-11	13.317337240141187	0.03372505625751677	8.146128035070825
14.497164105228725	1.4912198389631465e-8	-7.127590139934269e-11	1.1108495699436689e-9	-1.855870585245766e-11	13.323030595446587	0.037953191997340915	8.146128035032099
14.72116105921634	1.516297427865963e-8	-7.574171084898594e-11	1.1293425406678318e-9	-2.1487301589636165e-11	13.329898994584182	0.04304232778814055	8.146128034994076
14.900810932672226	1.5367642002352618e-8	-7.988279176706631e-11	1.1504164007116772e-9	-2.4802112320412335e-11	13.337449180194247	0.048617798488230564	8.146128034959316
15.051999370650927	1.5543385575145568e-8	-8.391363573169407e-11	1.1760046532831374e-9	-2.8752324828748677e-11	13.346023434492816	0.05490769515078244	8.146128034926027
15.18288139714597	1.5699277840798063e-8	-8.797720647583707e-11	1.2081231282790413e-9	-3.3629276578717315e-11	13.355954493535918	0.0621330932935969	8.14612803489317
15.303237019715086	1.5847074813852357e-8	-9.238598478454008e-11	1.250326820679151e-9	-4.0002353088908777e-11	13.368049861776559	0.07086575558064419	8.146128034858485
15.395987281985825	1.5965005287962703e-8	-9.639305859706107e-11	1.2946809297083375e-9	-4.671554308180938e-11	13.379958949807676	0.07940864906649468	8.146128034827921
15.471384539319839	1.606430969234797e-8	-1.0017102489891261e-10	1.3413935782205282e-9	-5.3782353238266695e-11	13.391672243597458	0.08775762162944836	8.146128034799979
15.537612487866426	1.615480980207232e-8	-1.039826958892185e-10	1.3936472193772288e-9	-6.161879795285564e-11	13.403653717572594	0.09622729334019502	8.146128034772676
15.599856935786685	1.6243407794023937e-8	-1.080933142233716e-10	1.4553814104386879e-9	-7.078161048850835e-11	13.41639018394879	0.10513884945649206	8.146128034744272
15.657209316054297	1.6328813316392726e-8	-1.1243847401562451e-10	1.5250732911505919e-9	-8.10581253779634e-11	13.429281365251754	0.11405566527990862	8.146128034715447
15.71276236379928	1.6415714792443518e-8	-1.1726218826959035e-10	1.605840356720752e-9	-9.294455984020127e-11	13.442683686081104	0.1232109541233082	8.14612803468486
15.766542246849129	1.6504500320819463e-8	-1.2261758191308808e-10	1.6986677324660513e-9	-1.0661308445356569e-10	13.456436519483692	0.13247988617796372	8.146128034652552
15.824026448008913	1.6605491335425523e-8	-1.2923823681981224e-10	1.8194641755444241e-9	-1.2437878956744058e-10	13.472016474072399	0.14281682710988206	8.14612803461485
15.878141414159908	1.670766831612442e-8	-1.3651487316563226e-10	1.9623749556584974e-9	-1.4537234574931925e-10	13.487623613464637	0.1529879454465445	8.14612803457614
15.929842531507546	1.6813405941352028e-8	-1.4466177335011113e-10	2.1345309128432545e-9	-1.7078679893181437e-10	13.503495971027926	0.16314840418239704	8.146128034536
15.977990424130503	1.692081823659049e-8	-1.5357593560350786e-10	2.334224652441005e-9	-2.0060859464044722e-10	13.51913724146706	0.17299093265004656	8.14612803449563
16.017998863651975	1.7018109132284833e-8	-1.621914674311374e-10	2.5351622768183023e-9	-2.3103180009583733e-10	13.532670070254987	0.18137302696986507	8.146128034459748
16.05986200221776	1.71293669530409e-8	-1.726477538472769e-10	2.788602430987345e-9	-2.6988409999497655e-10	13.547240670429353	0.190250210189921	8.14612803441981
16.10313350616042	1.7256804857238563e-8	-1.8537329212073457e-10	3.1142411301897185e-9	-3.203425161377428e-10	13.562701042954515	0.19948403604940407	8.146128034375852
16.154003714060366	1.7427321991609713e-8	-2.0356310703665236e-10	3.614601071913839e-9	-3.989206319232079e-10	13.581433748647525	0.21039895242494094	8.146128034320533
16.199523684418196	1.7604821502338558e-8	-2.2378843609973238e-10	4.211702532039287e-9	-4.944384238349e-10	13.598738820559957	0.22021276880215973	8.14612803426753
16.239531341133763	1.778639894707834e-8	-2.456966979092751e-10	4.893516050651877e-9	-6.057139249757378e-10	13.614329063590894	0.22883914889411433	8.146128034218087
16.27214115510237	1.7956949844456488e-8	-2.672668917240162e-10	5.590867540858582e-9	-7.21541058315393e-10	13.627221297719796	0.235822253008985	8.146128034175737
16.306783624210702	1.8166048476888368e-8	-2.9485485024626306e-10	6.518011455499196e-9	-8.777816919988544e-10	13.641038462061967	0.24315110371871904	8.146128034128683
16.34351932199337	1.8427823741734087e-8	-3.3090464417046717e-10	7.792895333572578e-9	-1.0954183655923897e-9	13.65582008902704	0.2508056099685153	8.146128034076398
16.388873500740168	1.882769057007718e-8	-3.886055066597242e-10	9.974821666846779e-9	-1.4734066584943886e-9	13.674313822049045	0.26010466009552363	8.146128034008377
16.431356587006757	1.93104556685294e-8	-4.6156637155642837e-10	1.2933911797124888e-8	-1.9948720412842378e-9	13.691924871344874	0.26867053374338207	8.146128033941066
16.47009605421446	1.988197167364242e-8	-5.514397201559469e-10	1.6795959609033822e-8	-2.687079431251499e-9	13.708195696143267	0.2763352291722926	8.146128033876556
16.49981862122341	2.043851242143474e-8	-6.417025350239203e-10	2.083863697743459e-8	-3.4217495885785945e-9	13.720750942161084	0.28208645391776765	8.146128033824985
16.531005403085956	2.1172216433211446e-8	-7.63789172038474e-10	2.6495734845282116e-8	-4.461285606945307e-9	13.733932108389395	0.2879667123844158	8.146128033768901
16.56275217819784	2.213130873570079e-8	-9.272691102370732e-10	3.4341418454991064e-8	-5.917010305769993e-9	13.747335870707914	0.29377315613663074	8.146128033709706
16.601489486832246	2.3710686825163763e-8	-1.2030463762554478e-9	4.813927332391957e-8	-8.50090424823864e-9	13.76370024168197	0.3006176447958217	8.146128033634568
16.6434642355719	2.6180617710566164e-8	-1.6446370765102419e-9	7.134878411131719e-8	-1.2886400821414324e-8	13.781496772948742	0.30775225685061025	8.146128033549477
16.68010346194314	2.9333159138485413e-8	-2.219120118441556e-9	1.029712871140466e-7	-1.8903326490281823e-8	13.797095457792269	0.31374236402877964	8.146128033472012
16.71393628479981	3.3513822265737106e-8	-2.9917799918169125e-9	1.4711864082442987e-7	-2.7340916280552155e-8	13.811516067997024	0.31906449916946533	8.146128033397783
16.742052097468854	3.835425582697975e-8	-3.89530514490269e-9	2.0020622633298105e-7	-3.750750123298153e-8	13.823464523086471	0.32331637675164215	8.146128033334108
16.771842282576745	4.543931970864713e-8	-5.2273367071434135e-9	2.8034440070842766e-7	-5.2853142244577073e-8	13.836057944420816	0.32763809997553794	8.146128033264647
16.804593005025257	5.6607069219536895e-8	-7.338067233690138e-9	4.1057592381522823e-7	-7.773794938512888e-8	13.84982690222127	0.3321697967196499	8.146128033185907
16.845764045479708	7.846473241941173e-8	-1.1481635202096206e-8	6.746842940128693e-7	-1.2795355860702602e-7	13.867072289471649	0.337555820137659	8.146128033083349
16.882430012738695	1.0980711818275172e-7	-1.7421266782306746e-8	1.0668274551641042e-6	-2.0194725335603735e-7	13.882403628097121	0.3420739798972124	8.14612803298862
16.91915053490854	1.5982605122324654e-7	-2.6867110147086104e-8	1.7105940924203125e-6	-3.222296886880029e-7	13.897730713164261	0.346341261452767	8.146128032890505
16.946934960773806	2.1712858620988406e-7	-3.7630414457290304e-8	2.461076111046737e-6	-4.609731380810159e-7	13.90928015543722	0.3493939742647117	8.146128032814081
16.975438668542385	3.0229546645600613e-7	-5.352083360683593e-8	3.5863936211995937e-6	-6.6667278525881e-7	13.921051243968474	0.3523595448108879	8.146128032733714
17.004573109513135	4.2984056741546493e-7	-7.711329029952406e-8	5.27878250926482e-6	-9.719207078232686e-7	13.932987807860597	0.35521282519126135	8.146128032649493
17.039696831176194	6.66158713730879e-7	-1.2030864304951495e-7	8.423050464221352e-6	-1.5294406370536695e-6	13.947271419112342	0.35841899905349056	8.146128032545175
17.079168856086568	1.1037673365519504e-6	-1.9899290138710313e-7	1.426271736200829e-5	-2.5422353532486616e-6	13.963229827032674	0.3617320277395993	8.146128032424265
17.11448773534176	1.7473761877596853e-6	-3.1255946925609487e-7	2.285146893261965e-5	-3.995998165122016e-6	13.977447143895754	0.36444817506666966	8.146128032312747
17.148504086787668	2.7300414750272744e-6	-4.825410030865179e-7	3.5877194478265213e-5	-6.1462605051704325e-6	13.991078198826505	0.36684913514440143	8.14612803220235
17.17502681199958	3.868085699565785e-6	-6.757487233931804e-7	5.0759456616503756e-5	-8.54680767243984e-6	14.001637528067373	0.368573905749634	8.14612803211421
17.203497797741814	5.61378042427949e-6	-9.666756275858666e-7	7.314500614214127e-5	-1.207701903510799e-5	14.012881053499786	0.37027960973926133	8.146128032017591
17.23369135609613	8.299678571808042e-6	-1.4050804493344832e-6	0.00010672713484438587	-1.7241570768598458e-5	14.024700084034658	0.3719247507400913	8.146128031912836
17.27180058399767	1.3478475754029012e-5	-2.228915192616124e-6	0.000169543518195463	-2.6609038996382233e-5	14.0394995341518	0.3737692459799341	8.146128031777256
17.30810979942263	2.1164725123484704e-5	-3.4169047142453975e-6	0.0002596931035011364	-3.959868550718145e-5	14.053513488154834	0.37529827738906263	8.146128031644562
17.34331768045545	3.24096427306765e-5	-5.10545714148326e-6	0.00038658894950162456	-5.726464775811323e-5	14.067038938751207	0.3765799593793023	8.146128031512589
17.37361017404922	4.6287113553702065e-5	-7.133796394905644e-6	0.0005368127437643199	-7.751782391480034e-5	14.078616133116984	0.37753104736502363	8.146128031396414
17.40064595597365	6.30629486038044e-5	-9.527481307181414e-6	0.0007112160661087895	-0.00010037603162258223	14.088878404499896	0.37826408272715384	8.146128031290663
17.428840046625712	8.624687802107077e-5	-1.2758888540544881e-5	0.0009426415608339195	-0.00012989653337686723	14.099496047545246	0.3789142996599146	8.146128031178304
17.461112664545308	0.0001219336098562137	-1.760668142203879e-5	0.0012840753061460325	-0.00017218805866476723	14.111555763815344	0.37951922423012824	8.146128031047086
17.500157734051403	0.0001823020108156678	-2.556232902476939e-5	0.001837079171008613	-0.00023837846561483925	14.12605541379115	0.3800613998028629	8.14612803088458
17.535018142497886	0.0002573436726788026	-3.5151754017494624e-5	0.0024979716231733036	-0.0003148232294474735	14.138948230035684	0.38038163413784354	8.146128030736
17.57016654551776	0.00035975695309831243	-4.786436019670204e-5	0.0033672755697359198	-0.0004122846170404117	14.151911759007582	0.3805601487036766	8.14612803058282
17.596543783309343	0.000458988151952705	-5.9881246974611374e-5	0.004182177722144981	-0.0005013344733796219	14.161605906026232	0.3806061786724752	8.146128030465624
17.62422255129534	0.0005885869264769311	-7.524361809434968e-5	0.005215027117703062	-0.0006118259203885122	14.171729754378955	0.3805793124433502	8.146128030340568
17.65277057982864	0.0007552816783899475	-9.458353049257669e-5	0.0065044163965060275	-0.0007469445231684021	14.182116721521554	0.3804754998649133	8.146128030209342
17.687658026163792	0.0010149107119696865	-0.00012400914277784154	0.008455502530355053	-0.0009469738647480224	14.194760760071063	0.38024868766034503	8.146128030045864
17.724933424885624	0.001377576984216145	-0.00016408343505063555	0.011114805942891373	-0.00121335734350577	14.208253017164669	0.3798939208553859	8.14612802986738
17.759419781172333	0.001812848640873244	-0.00021104178835768645	0.014250210175524119	-0.0015209282958493409	14.220750988898832	0.37947415153826963	8.146128029698703
17.792046994213933	0.0023362605074946437	-0.0002663182143828079	0.017970196574623783	-0.0018796305161164293	14.232600899230553	0.37900815323307274	8.146128029535928
17.817990248015448	0.002847776150360945	-0.00031940352866268015	0.021567000654772926	-0.002222077754223557	14.242032235823586	0.3785996081867296	8.146128029404256
17.84574383263851	0.003508238729109274	-0.00038691935351681754	0.0261694269633521	-0.002655983935901896	14.25212223629122	0.3781339671872819	8.146128029261174
17.87564054366973	0.004377484809762047	-0.0004744535540800131	0.03218142797096586	-0.0032177716745021593	14.263001408319843	0.3776054277919446	8.146128029104446
17.913187367041523	0.005756489594986355	-0.0006111051372219944	0.041679887251070726	-0.004097514017974198	14.276721387170667	0.3769085157441444	8.146128028903746
17.947711761946696	0.007381017962022856	-0.0007696411364491542	0.05287791904240389	-0.0051265857354735244	14.289435939865031	0.3762454671777959	8.14612802871533
17.98253796450475	0.00946318882898436	-0.0009701867204645156	0.06728617727888384	-0.006443166398958664	14.302393494061482	0.3755683478086186	8.14612802852142
18.01135278223516	0.011609593491938762	-0.0011747581228841457	0.08219828249539578	-0.007801472317625626	14.313225330968224	0.3750146202577835	8.146128028358
18.037892917446076	0.01400571946514414	-0.0014013373122536551	0.09888668890657346	-0.009320173569891616	14.323287257446735	0.3745226862237192	8.146128028205034
18.065389553427934	0.017002893821604387	-0.0016829321055408866	0.1197859509018284	-0.011223372055531967	14.33380022112972	0.3740416556750371	8.14612802804404
18.097027596400153	0.02124331140499215	-0.0020791227777739118	0.14935576371132409	-0.013922054948215638	14.346031541335494	0.3735312751025314	8.14612802785556
18.134463368277956	0.027631116572427835	-0.0026732335024200033	0.19381381742206658	-0.017996014157817312	14.360743674209592	0.3729948785812902	8.146128027627952
18.16835765038007	0.03503591109231698	-0.0033601297567104438	0.24505433484402794	-0.022718999981580452	14.37433573729023	0.3725837214012586	8.14612802741745
18.20250918725985	0.04446647225339754	-0.004234469928273205	0.3095732987710105	-0.02871169009444259	14.388330581905985	0.3722531865579177	8.146128027200938
18.22811357433323	0.05311930382944448	-0.00503757585750895	0.3678206503279391	-0.03416915416773987	14.39902768677466	0.37207121626677375	8.146128027035608
18.254961208023357	0.06392684147582658	-0.006042980907314957	0.4391030120803973	-0.04091225720574161	14.410429968519942	0.37195111817717263	8.146128026859405
18.28272052315316	0.07727603045148758	-0.007289458710361951	0.5247851435170044	-0.04911282254834398	14.422421902479197	0.3719063006613886	8.146128026674063
18.316171195092362	0.09679368692889005	-0.009122486987953097	0.6454272927399869	-0.06083331994568749	14.437162281438418	0.37195090386365753	8.14612802644632
18.351628831471128	0.12226577696721141	-0.011534659058592543	0.7951423847747053	-0.07565290135902293	14.453150870569663	0.37209739352406807	8.146128026199477
18.384998749333214	0.1514436611677165	-0.014325403333484596	0.9569955396699678	-0.09200720394043446	14.468544415131348	0.3723056843837959	8.146128025961856
18.415447239403278	0.18305588360142622	-0.01738114436618454	1.122179994578203	-0.10904939272310733	14.48286896811458	0.37253156846762264	8.14612802574037
18.440355741153894	0.21281759089022634	-0.020287202975188847	1.2692445289791463	-0.12451902953114204	14.494757133010197	0.37272918470015	8.146128025555774
18.466913070582454	0.2487310186135573	-0.023829776417657236	1.4372132752491469	-0.1425274672053175	14.50756919797054	0.3729412614593544	8.146128025355488
18.495075448827187	0.291852673014319	-0.02813232719059196	1.6270844904370019	-0.16331244476496215	14.521285568924576	0.3731495752299204	8.146128025139095
18.52974216597666	0.352526631814685	-0.034270263031103726	1.8759817242419778	-0.19121618444931743	14.538329544072932	0.3733443542060453	8.14612802486693
18.5615746858484	0.41605996387648153	-0.04079376447863946	2.117711057880294	-0.21897723533747898	14.554107584815624	0.37342085072223047	8.146128024611253
18.593403581438086	0.48745949955547774	-0.04823073966743212	2.3704655685097453	-0.24863601139748517	14.569981012375024	0.37335733150565764	8.146128024349942
18.62273755759778	0.5605169687286858	-0.05594420925251414	2.6118488984090784	-0.27750049803963406	14.584672833408971	0.37314790328595615	8.146128024104007
18.647313054255928	0.627244369833693	-0.06307148418781379	2.8192531035467017	-0.30266660992922867	14.596998852334881	0.3728520030184935	8.146128023894134
18.673185593422676	0.7030545201011988	-0.07125366412263882	3.041628012656255	-0.32995224193927286	14.60996387363668	0.3724142246886035	8.146128023669355
18.701469493596043	0.7925642310723112	-0.08101632020263333	3.2882654427490325	-0.3604825857891945	14.624105141058571	0.37177327055616094	8.14612802341908
18.735807431030487	0.9106654161842171	-0.0940400164151115	3.590904032487824	-0.3981454154637624	14.641221662400866	0.3707360102969034	8.14612802310878
18.76678735040457	1.0261557628669278	-0.10690233991392102	3.8648319886763094	-0.43217191125638066	14.656612708175599	0.36951337520076744	8.146128022822676
18.796684461643682	1.1456350887893292	-0.12030704227496085	4.127337064829638	-0.46439092011411326	14.671411580946243	0.36802937274744507	8.146128022540978
18.822408034793533	1.2546744074711293	-0.13259900628037963	4.349779932650722	-0.4911168105612949	14.684089838940114	0.36649440654326015	8.146128022294159
18.846431834756086	1.3616279516813752	-0.14468580752107174	4.553442679332341	-0.5149059337820385	14.69587318862369	0.3648406177350743	8.14612802205991
18.8712029666652	1.4769696679434812	-0.15772928409344172	4.758126790112813	-0.5379266619264057	14.707960111123846	0.36290089722076896	8.146128021814565
18.898873854935154	1.6116997226076997	-0.1729439674550731	4.978119013250958	-0.5612889723430763	14.721388584676417	0.3604227106891563	8.1461280215359
18.92861420200522	1.763095246358569	-0.18996633118825765	5.200123377378155	-0.5827226928313444	14.735742494650797	0.35734772499806655	8.146128021230941
18.957936526649785	1.9185542711036072	-0.207306855971057	5.399899306642959	-0.5991983741849852	14.749824642463793	0.35385623602430877	8.1461280209247
18.988458552129202	2.0862569418524735	-0.22578775185503028	5.585051102721171	-0.6108134021692843	14.764421991507334	0.3497035575987202	8.146128020599996
19.0110537914437	2.2138452939085935	-0.23964882021437667	5.705867771134057	-0.6155107425042207	14.775189453819573	0.34628293668964294	8.146128020355684
19.033561856742224	2.3434788347043622	-0.25352175693078843	5.809975233291	-0.6165577853732439	14.785877263475903	0.34258499665001974	8.14612802010897
19.05643706690043	2.477396278290695	-0.2675982724995522	5.894411214349367	-0.6134039865244745	14.796697278892513	0.3385266560572647	8.146128019854777
19.08213026410391	2.629698657145697	-0.28325124129250406	5.953571190258679	-0.6038963592121215	14.808803980235204	0.3335919442459062	8.146128019565102
19.110846323076235	2.8008388911434725	-0.3003315265429318	5.95025735771512	-0.5837410906933791	14.82229160177765	0.3275768523069491	8.146128019236082
19.136830289311387	2.954262915917816	-0.31513011543366226	5.835093869978548	-0.5528278622266002	14.834471017642404	0.32165707385639447	8.146128018933533
19.161031089121774	3.09260773960873	-0.3280054187808345	5.567978929988303	-0.5084611874419024	14.845798695342754	0.3157312686952724	8.146128018647575
19.17955758055021	3.192911332952756	-0.3370271632419371	5.244752928547727	-0.4642492898893841	14.854455603239929	0.3109359798427895	8.146128018425921
19.198794616045056	3.2899521718993983	-0.34547162388836034	4.836554421678527	-0.4133183078980354	14.863425378591083	0.3057297683084486	8.14612801819323
19.2184743475745	3.380835321872674	-0.35309312838343204	4.401212264790183	-0.3617434379931785	14.87257956206548	0.3001681758359969	8.146128017952497
19.240915375495	3.474317901858769	-0.36060064637370465	3.9394325740020864	-0.3085931350397407	14.882994153766276	0.2935318468338661	8.146128017674648
19.26329728701796	3.557914532350563	-0.36698728999824987	3.5417672551409707	-0.26342067049329987	14.893359229668379	0.2866005949181391	8.14612801739396
19.282233500498904	3.6222112685630297	-0.37166129907239925	3.256633753430444	-0.2310768233107722	14.902107459530963	0.28051005567140197	8.146128017153679
19.29701022816221	3.668879118738534	-0.37491028372140217	3.0638170330877927	-0.2091075978056219	14.908913097512155	0.2756358120640426	8.146128016964381
19.312264118105023	3.714249270322655	-0.37794359763271934	2.888601509850745	-0.189006460443103	14.915911859209492	0.27051332598227623	8.146128016767308
19.327756016838517	3.757760282037013	-0.380728524531881	2.7319506564997202	-0.17088049062717778	14.92298669459873	0.26523239173798857	8.146128016565433
19.344835042368715	3.8030948072607584	-0.3834925271387722	2.5801862812687015	-0.15315353835028367	14.930741762663036	0.2593378639281228	8.146128016340851
19.359470541529312	3.8399976797588544	-0.38563289573217685	2.464796653120822	-0.13956339096056938	14.937340982023446	0.2542558041423987	8.146128016146708
19.371663159724175	3.8695100093983084	-0.3872706399202496	2.3774523770493796	-0.12922091332412572	14.942795939439266	0.25003250779209857	8.146128015983786
19.384302934344184	3.899027126049038	-0.3888406289459809	2.2942238575629084	-0.1193335703355321	14.948399847138582	0.24569713726846792	8.146128015813746
19.396235864652738	3.925965622812124	-0.39021247731020514	2.2216766023087215	-0.11070060966536473	14.95363434718493	0.24167269827323873	8.146128015652156
19.407650142844922	3.95095191589843	-0.39143169665496724	2.157149361831735	-0.10301938189617113	14.958584138914127	0.23790858386140515	8.14612801549663
19.419555692716493	3.976255975722096	-0.39261322436280444	2.09438294164029	-0.09555250445149445	14.963682411458297	0.23409070596900608	8.146128015333423
19.43186523148948	4.001660027992965	-0.3937446547877134	2.0338570904810602	-0.08836290938904917	14.968880514840365	0.23027470186768884	8.146128015163622
19.44552254494287	4.0290049273413695	-0.39490022767822763	1.971342931560025	-0.08095600609324105	14.974557446696384	0.2262099322619303	8.146128014973986
19.459124447516025	4.055420189651048	-0.3959542886670389	1.9133818623764742	-0.07411590386705524	14.980114698364176	0.22234643193322842	8.146128014783825
19.474123881912252	4.08366785587794	-0.3970129056865419	1.8538288481176577	-0.06713088821123545	14.986129961941387	0.21830292898880443	8.146128014572659
19.489450922563957	4.111641840157785	-0.39799062747468444	1.797096042831116	-0.06053735944634041	14.992154546505263	0.2144037603195871	8.146128014355305
19.508130955837988	4.144603446859271	-0.3990515601863642	1.7328018254975046	-0.05316861128604695	14.999332392496118	0.20996147303895696	8.14612801408828
19.527622869590317	4.177765221340978	-0.40001871452350446	1.6705824135710972	-0.04618064477447362	15.006633257461758	0.20567683620602292	8.146128013807209
19.546897849080224	4.209406964015526	-0.40084736554819295	1.613259154647738	-0.039899853131786005	15.013669898575305	0.20177246972802193	8.146128013526853
19.57086429700094	4.247266934619113	-0.4017176806204464	1.5470253406484298	-0.032861678825558155	15.022180665300517	0.1973345540953691	8.146128013174986
19.60439704406149	4.2976993515777835	-0.4026714935045444	1.4623532344770254	-0.024248358089736858	15.033683230306574	0.19178447504181578	8.146128012676693
19.63391802619241	4.339850983443634	-0.4032882536630749	1.3942593996215826	-0.017682432896298388	15.043455355169264	0.1874144322400624	8.14612801223239
19.66216023387301	4.378364118150909	-0.4037081658287429	1.333783102959668	-0.012171745982423139	15.052521771583205	0.1835891577135016	8.14612801180251
19.689999782424092	4.414711046588348	-0.4039790494153983	1.2779761832550658	-0.007389313015260681	15.061212578893239	0.18008417445393043	8.146128011374229
19.722028130044546	4.4546687748824825	-0.4041368955210736	1.2178561651320539	-0.002582834977264005	15.070939390961149	0.17629642072046064	8.146128010876057
19.75460739116652	4.493403635006341	-0.40415048995700037	1.1606471222784756	0.0016446527169142243	15.08056560994317	0.1726310175750325	8.146128010363434
19.78067815047936	4.523094104374408	-0.40406827370146103	1.1173863158766266	0.004603195893897285	15.08808898237179	0.1697854909951494	8.146128009949015
19.806966796517642	4.551917673170331	-0.4039118375402802	1.0757907362095531	0.007243856238048396	15.095524386401884	0.1669601508473356	8.146128009527398
19.836541692449398	4.583069456593788	-0.4036581969573886	1.0312243879007574	0.009847628667781957	15.103723376282534	0.163798284474597	8.146128009048656
19.868493065039253	4.61528185870631	-0.4033037631589157	0.9855193173780991	0.012275613160647323	15.112400827916932	0.1603620732180674	8.146128008526244
19.893220697885873	4.639231120936665	-0.4029795987695033	0.9517478975826621	0.013909419833798134	15.118994198843655	0.15766562490666203	8.146128008118273
19.918462803903743	4.662834241780532	-0.40260955822048994	0.918609064200607	0.01537797191617286	15.125619166724608	0.15486327896288626	8.146128007698549
19.94772766390115	4.6891742698998105	-0.4021373607257301	0.8817814007022919	0.016854427882068562	15.133174999579056	0.1515323943920868	8.146128007207842
19.97775295985826	4.715103831101855	-0.40161139418405783	0.8456736424622957	0.018144718266169556	15.140795334902814	0.14800498276124294	8.146128006699865
20.00134203346367	4.7347292425294905	-0.4011728780902327	0.8184266874213265	0.01901491729920354	15.146689618415003	0.14514670049051984	8.146128006297587
20.027447607761054	4.755712943740939	-0.4006653566800097	0.7893633397262456	0.01984522448734147	15.153119797957435	0.14188643039073515	8.146128005849162
20.058252342566607	4.779518712284515	-0.40004099026991424	0.7564761180691513	0.020664449777141918	15.160586186729077	0.1378989380168994	8.146128005315676
20.08191213406689	4.7971279828441356	-0.39954571400566663	0.7322026298639958	0.021187478043807707	15.166231277651242	0.1347306429905492	8.14612800490277
20.105679521686373	4.81424893008684	-0.3990367391273471	0.7086413323305372	0.021628816292852873	15.171822464373971	0.13145528840796808	8.146128004485252
20.133622964101246	4.833675427392548	-0.3984262349799046	0.6819528775863465	0.022050172302582348	15.178293742002761	0.1274865324469753	8.146128003990894
20.156762409745777	4.849207582775156	-0.39791268801599966	0.6606472740053072	0.022326531387713275	15.183566409838338	0.12410811969910421	8.146128003578706
20.179038117623488	4.863701623100784	-0.3974129194633679	0.6407887904706664	0.022535725813465902	15.188565372859744	0.12078330511910786	8.146128003179518
20.203721908025663	4.8792544768441575	-0.39685440623804846	0.6195020854742711	0.02270763628002791	15.194013234629763	0.1170246631647901	8.146128002734471
20.226098721287855	4.892906985587791	-0.396345015646456	0.6008323452695028	0.022813102817908396	15.19886425805222	0.11356111849692002	8.146128002328597
20.247565349038787	4.905617446005702	-0.3958545890178479	0.5834603221060304	0.02287225992121119	15.203434310941784	0.1102015125564283	8.14612800193709
20.269984142396424	4.918499606086562	-0.3953415145108047	0.5658586356218558	0.022892717621525727	15.20811352962668	0.10667096577616328	8.146128001526009
20.291555477954105	4.930527801414676	-0.39484781882355013	0.5494232498172548	0.022874543115269978	15.212518386642545	0.10327292478776917	8.146128001128373
20.312545294774758	4.941896241203779	-0.3943681723124972	0.5338834872905923	0.022822750410950356	15.216705044022454	0.0999874036222294	8.146128000739523
20.33393706419164	4.9531515010272	-0.3938808141279818	0.518487473206688	0.022736812779761247	15.220863513225066	0.09668194465310141	8.1461280003413
20.353774142234634	4.963298371370766	-0.3934308118262708	0.5045934423752869	0.022628529302067685	15.224615770587599	0.09367320088830844	8.14612799997032
20.37465241916622	4.973684088238065	-0.3929598027617657	0.49035345737146935	0.02248630018153093	15.228450744338181	0.0905819843700655	8.146127999578143
20.393831709449632	4.9829659796634145	-0.39252998044819537	0.4776067279487526	0.022331459758358856	15.231865583366318	0.0878235784201118	8.146127999216372
20.41273951258134	4.9918800769233	-0.3921093539183848	0.46534428326298605	0.022157503537551283	15.235128133270972	0.08518923659807212	8.14612799885833
20.43438370193432	5.001803379755032	-0.39163214465485024	0.45166742889480704	0.021934184625653105	15.238735979077763	0.08228295452847958	8.146127998446842
20.46285047834389	5.014411449699118	-0.39101234893246284	0.43424815842944886	0.0216045400029316	15.243278313118296	0.07864208803523785	8.14612799790308
20.501992250316334	5.030956089423991	-0.3901765232428655	0.4113145250023173	0.021092532209193583	15.249158802897629	0.07397424658337581	8.146127997150872
20.553912186226267	5.051558499357346	-0.3891009055740562	0.38262945961260064	0.020326453168208684	15.256332368424985	0.06838161231028475	8.146127996145514
20.621171898899508	5.076120649911826	-0.3877702476774243	0.3482443053940902	0.01922426950438899	15.264619310384187	0.062121877495517175	8.146127994831387
20.710517080971073	5.105358894830646	-0.38612251442357	0.30708611602934205	0.01764592079475559	15.274006798598126	0.05541220257349415	8.146127993067735
20.837147887450275	5.140970591609311	-0.3840332427973222	0.25688948899097014	0.01535767155235859	15.284540836583355	0.04863796144921015	8.146127990538886
21.00753174429874	5.179936104470489	-0.38166550853901726	0.20294537990589673	0.012503411372387323	15.294695769085703	0.04341348352494599	8.14612798709519
21.231239942504367	5.2192750784925845	-0.37921900655632584	0.15209727309617135	0.00952922654471946	15.303682157906103	0.040455874712047854	8.146127982523828
21.534736789422087	5.258257555324657	-0.3767655894020841	0.10859559995417103	0.006858926553341403	15.312316269646598	0.038795384869552564	8.14612797625935
22.047359334992706	5.3027161780214	-0.37395112326787233	0.06968895979715227	0.004418547348223143	15.322951736553835	0.03751291992063957	8.146127965559643
22.91099058356096	5.348775835079283	-0.3710299001481065	0.04132822177156205	0.002620386881833516	15.335655819727599	0.036676740577601716	8.14612794728862
24.215556045358294	5.390074130222772	-0.3684144417933225	0.02461569372613969	0.001556522425532618	15.34917284929355	0.03642243686271894	8.146127919271391
26.00611786386535	5.424740061523159	-0.3662264915259179	0.015437552297946893	0.0009722973844254061	15.362708420018352	0.036673309931756	8.146127880219927
28.36773905120619	5.454188297113359	-0.3643757239166431	0.010191455255175409	0.0006390542601656412	15.376389036513736	0.03724619865219558	8.146127827910677
