# problem=SEAS Benchmark BP5-QD
# code=Thrase
# modeler=B. A. Erickson
# date=2023/01/09
# element size=xx m
# location=on fault, z = 0.0 km
# Lz = 80 km
# t slip_y slip_z slip_rate_y slip_rate_z shear_stress state
0.0	0.0	0.0	1.0e-9	1.0e-9	13.273061184881861	13.273061184881861	8.146128035678238
1.04925124221727e8	0.10492498292893787	1.0475217242259296e-11	9.999949356085528e-10	9.966773061398608e-20	13.273061229556728	1.3194244222648777e-8	8.14612802291367
2.1978551471556464e8	0.21978049013061096	2.1899993512506447e-11	9.998554613306831e-10	9.924311009900541e-20	13.273059295603247	3.2711735613479664e-7	8.146128179444638
2.8855831358820254e8	0.28852305893060787	2.8712393715961855e-11	9.990128544875784e-10	9.882585209812118e-20	13.27304706648206	2.2252458106821925e-6	8.146129423615628
3.390289241142621e8	0.3388857032101846	3.3686142413510216e-11	9.960620579330395e-10	9.818555619092001e-20	13.273003877773377	8.914542026798033e-6	8.146133984713822
3.8109289801528865e8	0.38064552602558244	3.779471813931665e-11	9.88137872044752e-10	9.701788963350873e-20	13.272886148261371	2.7173299614951924e-5	8.146146973071128
4.223537233663656e8	0.4210693332158953	4.175493855225346e-11	9.687127796053656e-10	9.469517745262553e-20	13.272587423088888	7.371883294996088e-5	8.146183285517672
4.7862259685726106e8	0.4741942134406598	4.693590426017529e-11	9.141926497433627e-10	8.899333941078411e-20	13.271675289291851	0.0002181682552624058	8.146324711775984
5.415313358017743e8	0.5290512359469598	5.227195669749031e-11	8.276245712877129e-10	8.047705833322459e-20	13.270003133488501	0.0004947263837298312	8.146707878924207
6.435285086529702e8	0.6061388661185322	5.976948733109437e-11	6.87421114089061e-10	6.688176287030745e-20	13.266566491393124	0.0011260087346840165	8.147988814197442
7.941185159651468e8	0.6971329552466456	6.862622270844397e-11	5.317933046617752e-10	5.177772516564679e-20	13.260998283253384	0.0023890094963539164	8.151360248978596
9.67279138777026e8	0.7786282595877299	7.656217399646293e-11	4.1882977084488977e-10	4.079091451537486e-20	13.254966765144287	0.004286879605561341	8.156925890930948
1.0506805336080757e9	0.8119357513262155	7.980648262420224e-11	3.8136583953309167e-10	3.71546760867985e-20	13.252542787020513	0.0053464086749582754	8.159988310652036
1.096006493630134e9	0.8288301588304197	8.145285452672118e-11	3.644853395719659e-10	3.5533218423259577e-20	13.251461339048785	0.005949405087579193	8.161691323644556
1.1206543375945075e9	0.8377117844597824	8.231910594940293e-11	3.56332087484181e-10	3.4777695979171653e-20	13.251008287170436	0.006277465342960157	8.162614895656818
1.133612519715821e9	0.8423036403948798	8.276762505550256e-11	3.52454297818181e-10	3.4468762182747366e-20	13.250869372708408	0.006443024187725263	8.16309544892512
1.1401933843372421e9	0.8446172490970125	8.299422157586312e-11	3.507260299633577e-10	3.442961793448478e-20	13.25088550972858	0.006518545024740833	8.1633364476472
1.143468545371229e9	0.8457647729578672	8.310718937730687e-11	3.50060051020146e-10	3.4615964959562944e-20	13.250975194112858	0.00654736524801538	8.16345482722636
1.1450859276329806e9	0.846330800324996	8.316347178052706e-11	3.4991089078856314e-10	3.5098643381029264e-20	13.251098681429538	0.006552931556084812	8.163512525289107
1.1458831583761652e9	0.8466097843859862	8.319176090185797e-11	3.500119235995229e-10	3.610257466190336e-20	13.251237417818414	0.006547122742474795	8.163540596682632
1.1462760432627187e9	0.8467473346567403	8.32062507270317e-11	3.50234227367974e-10	3.812478380261029e-20	13.251382960397322	0.006535780522736743	8.163554251521303
1.1464696204822466e9	0.8468151554225224	8.321393388563229e-11	3.5051558864447514e-10	4.2197989436167956e-20	13.251531552983828	0.006521745618850577	8.163560892011919
1.146564926697668e9	0.8468485746364578	8.321825726732316e-11	3.508259926139506e-10	5.04426675019858e-20	13.251681574149824	0.00650639272914154	8.163564118656069
1.1466117904024744e9	0.8468650223231624	8.322092248418496e-11	3.5115099275601514e-10	6.72102627261035e-20	13.251832364253486	0.00649038391585436	8.163565684291004
1.1466347947551346e9	0.8468731036896068	8.322277025096363e-11	3.514836726397175e-10	1.0144798232865884e-19	13.251983684336592	0.006474035900114388	8.16356644254261
1.146646064473967e9	0.8468770664836454	8.322421598096287e-11	3.5182076188029853e-10	1.7159995586315136e-19	13.252135475573201	0.0064574981415203726	8.163566808963223
1.146651573384803e9	0.8468790054572611	8.322546484751778e-11	3.5216075564784254e-10	3.1579056668836994e-19	13.252287754080116	0.0064408391281069845	8.163566985608067
1.1466542602468095e9	0.8468799520693138	8.32266182140512e-11	3.525030275908278e-10	6.130570648601796e-19	13.252440576720677	0.0064240869652536494	8.163567070554654
1.1466555678895972e9	0.8468804132154653	8.322772638555616e-11	3.528474353841612e-10	1.2277878708702865e-18	13.252594043181396	0.00640724723241119	8.16356711130617
1.1466562031270168e9	0.8468806374542123	8.32288149420104e-11	3.531942133208441e-10	2.503259999046974e-18	13.252748335341714	0.006390307400614281	8.163567130814652
1.146656511386305e9	0.8468807463769981	8.322989826295029e-11	3.535440945906099e-10	5.160317557282769e-18	13.252903813709738	0.006373230176254889	8.16356714014074
1.1466566610594618e9	0.8468807993163617	8.323098732438341e-11	3.538987477060497e-10	1.0726380086164569e-17	13.253061230203155	0.006355931269785881	8.163567144599961
1.146656734027242e9	0.8468808251511829	8.323209606976471e-11	3.542618348151115e-10	2.249173525521856e-17	13.253222203182295	0.0063382259943445055	8.163567146739693
1.1466567700115466e9	0.8468808379050257	8.323325078954925e-11	3.5464161438880926e-10	4.7785200868174346e-17	13.253390364597571	0.006319698349464262	8.1635671477775
1.1466567882644413e9	0.8468808443815725	8.323451318973565e-11	3.550583793974122e-10	1.0422884375675927e-16	13.25357462477785	0.006299327757396639	8.1635671482945
1.1466567982525043e9	0.8468808479301448	8.323608225454488e-11	3.5557831615504933e-10	2.454488431510175e-16	13.253804026589776	0.006273796403672064	8.163567148571438
1.1466568044990277e9	0.8468808501534707	8.323864080604076e-11	3.5642974312374693e-10	6.958270820617999e-16	13.254178442042734	0.006231600412438978	8.163567148739363
1.1466568072324185e9	0.8468808511288315	8.324137414273297e-11	3.5734279144317033e-10	1.4229111876060806e-15	13.254578386781336	0.0061859442218669975	8.163567148809648
1.1466568091053114e9	0.8468808517991213	8.324500768736752e-11	3.58560099840952e-10	2.6045412306263028e-15	13.25510952369702	0.006124809320933397	8.163567148855245
1.1466568105916376e9	0.8468808523332195	8.32501170970247e-11	3.602763479294109e-10	4.463057672004435e-15	13.255854858989778	0.006038574226060973	8.163567148888657
1.146656811861066e9	0.8468808527919975	8.325742245584873e-11	3.627363748239377e-10	7.303883261835212e-15	13.256916640139995	0.005915338150772262	8.163567148913833
1.1466568130136974e9	0.8468808532120211	8.326813956723164e-11	3.663544848199351e-10	1.1655183269211089e-14	13.25846489251762	0.005735302660296399	8.163567148932295
1.1466568139197834e9	0.846880853545811	8.328095116950989e-11	3.706902595033863e-10	1.69430895254741e-14	13.260300120448864	0.005521837555698131	8.163567148942247
1.1466568143957434e9	0.8468808537229376	8.328980468655397e-11	3.736909945683134e-10	2.0213573535979148e-14	13.26155864798984	0.005376420835842546	8.163567148945237
1.1466568147034333e9	0.8468808538382514	8.329625013792573e-11	3.7587558880088905e-10	2.1394272063743393e-14	13.2624712558097	0.005273759270764751	8.16356714894616
1.1466568149703484e9	0.8468808539388347	8.330188034278165e-11	3.7778404538113333e-10	2.0424013259711258e-14	13.263268661954022	0.005188624855310889	8.163567148946278
1.146656815209576e9	0.8468808540294024	8.330649727757636e-11	3.79351712648723e-10	1.801057312887368e-14	13.263924261488125	0.005122267997841869	8.163567148945864
1.146656815485194e9	0.8468808541341767	8.331099880175375e-11	3.8088337269629716e-10	1.463861842478383e-14	13.264564418119306	0.005059720591965375	8.163567148944846
1.1466568158730276e9	0.8468808542822324	8.33158042549303e-11	3.825215005421657e-10	1.02773993019763e-14	13.265247859160077	0.004994588474937187	8.163567148942644
1.1466568163936727e9	0.846880854481791	8.331992254508232e-11	3.839282560011976e-10	5.803995647208577e-15	13.265833996624979	0.00494030491026361	8.16356714893869
1.1466568170587487e9	0.8468808547374659	8.332244329050719e-11	3.8479236177789935e-10	2.112914705118221e-15	13.266195005567043	0.004908922539843264	8.163567148932692
1.1466568179177914e9	0.8468808550681732	8.332320036804154e-11	3.850561816993022e-10	1.5571215511788106e-16	13.266306843931842	0.004901002903255349	8.163567148924361
1.1466568189075654e9	0.8468808554493032	8.332323137238053e-11	3.850711844449203e-10	-5.8071797693520966e-18	13.266313248703131	0.0049006516991029845	8.163567148914638
1.1466568211350355e9	0.8468808563070401	8.332321030453689e-11	3.8507315075372896e-10	-1.015124537415393e-17	13.266313909552785	0.004900570458354633	8.16356714889275
1.1466568253328943e9	0.8468808579235286	8.332316756988773e-11	3.850758140797912e-10	-1.0186556149264658e-17	13.266314711547684	0.004900447774463831	8.16356714885149
1.1466568333904386e9	0.8468808610263144	8.332308547203043e-11	3.8508093406101777e-10	-1.0191156274289749e-17	13.266316251854997	0.004900211710343833	8.163567148772268
1.146656848892143e9	0.8468808669958021	8.332292742639776e-11	3.850908716139593e-10	-1.019961054711277e-17	13.266319242753612	0.0048997532617847655	8.163567148619745
1.1466568787686732e9	0.8468808785012714	8.332262244903444e-11	3.8511035912664997e-10	-1.0216336334168573e-17	13.266325112794593	0.00489885324936577	8.163567148325397
1.1466569364512727e9	0.8468809007165525	8.332203217366763e-11	3.8514930541387156e-10	-1.0250393253554844e-17	13.266336863348695	0.004897050661058409	8.163567147755584
1.1466570480133617e9	0.8468809436890529	8.332088461319396e-11	3.8523019234021275e-10	-1.0324091609776139e-17	13.266361346656113	0.004893290869136225	8.163567146647535
1.146657256539922e9	0.8468810240375191	8.331871434198377e-11	3.8540668381107054e-10	-1.0501940200450038e-17	13.266415110129916	0.004885017551954041	8.16356714455253
1.1466576083149574e9	0.8468811596829467	8.331493386269378e-11	3.858383000550747e-10	-1.1089806765918093e-17	13.266548213035822	0.004864453980322256	8.163567140925599
1.1466578298470535e9	0.8468812452074369	8.331237475063466e-11	3.8633418940119496e-10	-1.2261503919823108e-17	13.26670310052898	0.004840425810313391	8.163567138547684
1.1466579434311504e9	0.8468812891138902	8.331088282971795e-11	3.8683046383261355e-10	-1.4498339170289432e-17	13.266859288211842	0.0048161346478515854	8.163567137275708
1.1466580018730102e9	0.8468813117340686	8.330993500959345e-11	3.873359516856846e-10	-1.8920629224876856e-17	13.267018953762198	0.004791270719637913	8.163567136593697
1.1466580322727294e9	0.8468813235160658	8.330925396450589e-11	3.8786427552426315e-10	-2.7895415544644675e-17	13.26718606038009	0.004765235136677642	8.163567136224135
1.1466580485075328e9	0.8468813298171008	8.330868198724799e-11	3.8844401035598595e-10	-4.685405960997471e-17	13.267369442264208	0.004736666901008238	8.163567136018324
1.1466580577915878e9	0.8468813334263178	8.330808873413425e-11	3.8916015412041837e-10	-9.138457519190634e-17	13.267595802838041	0.004701429661785277	8.163567135895045
1.146658064007434e9	0.8468813358483791	8.330719825069555e-11	3.9036141605249213e-10	-2.325087483038545e-16	13.267974833063343	0.00464252668339048	8.163567135807195
1.146658066713233e9	0.8468813369061142	8.330631927619895e-11	3.9161167196102443e-10	-4.521734559325313e-16	13.268368269235795	0.004581498729011091	8.163567135765744
1.1466580685607893e9	0.846881337630996	8.330520118185624e-11	3.932399514278197e-10	-8.006180169786235e-16	13.26887891350653	0.004502387395325457	8.163567135734954
1.1466580700236354e9	0.84688133820775	8.330367593238261e-11	3.954944212224199e-10	-1.339307975756494e-15	13.269582562066335	0.004393460759369155	8.16356713570794
1.146658071270384e9	0.8468813387026579	8.330154481519118e-11	3.9867923213774034e-10	-2.151529125027521e-15	13.270569859107395	0.00424069837276361	8.163567135681784
1.1466580723806455e9	0.8468813391476209	8.329854186442363e-11	4.0320772609729535e-10	-3.3553413642168784e-15	13.271960261457462	0.00402562640699015	8.163567135654569
1.1466580734007025e9	0.8468813395619802	8.329428392257413e-11	4.0968087852217015e-10	-5.128223285851324e-15	13.27392088092049	0.003722402706811261	8.163567135624476
1.146658074327661e9	0.8468813399455991	8.328845146555719e-11	4.1861507192128063e-10	-7.631060199979824e-15	13.276576551904544	0.0033117145870440864	8.16356713559073
1.1466580747954879e9	0.8468813401428141	8.328450118093723e-11	4.2469950723928474e-10	-9.279468323731204e-15	13.278352669647656	0.003036926624922592	8.163567135570485
1.1466580750667174e9	0.846881340258549	8.328187041763764e-11	4.2876365381175435e-10	-1.0024661686422164e-14	13.2795243059669	0.0028551171603336	8.163567135557521
1.146658075277231e9	0.8468813403491543	8.327975860062105e-11	4.3203235755171276e-10	-9.890385921609501e-15	13.280457436367705	0.002709231820533675	8.163567135546783
1.1466580754421263e9	0.8468813404205986	8.327817853781586e-11	4.344821087979848e-10	-9.207412066851247e-15	13.281151233111366	0.00259990995006148	8.16356713553797
1.1466580756213021e9	0.8468813404986685	8.327661851175901e-11	4.369047069031633e-10	-8.183468223197354e-15	13.281832894586229	0.0024919929410622604	8.16356713552801
1.14665807585556e9	0.8468813406013463	8.327486413824736e-11	4.3963428484950537e-10	-6.808892755713984e-15	13.282595890204355	0.002370877275113417	8.163567135514473
1.1466580761951864e9	0.8468813407512152	8.327285714232425e-11	4.427656155667443e-10	-5.06915465028305e-15	13.28346458844877	0.0022327257311487558	8.163567135493999
1.14665807667588e9	0.8468813409648441	8.327089781817849e-11	4.4583798086475853e-10	-3.1880765455492363e-15	13.284309294600742	0.002098044148464321	8.16356713546375
1.1466580772777975e9	0.8468813412339452	8.326949523722241e-11	4.4806094439633483e-10	-1.5920592921226618e-15	13.284913631953115	0.002001113656404042	8.163567135424538
1.146658077996604e9	0.8468813415565	8.326879380183944e-11	4.492064297102795e-10	-4.876500250937015e-16	13.285218613213525	0.0019513563977163707	8.163567135376733
1.1466580789333534e9	0.846881341977516	8.32685927660634e-11	4.4959169580899205e-10	-9.766152025161584e-17	13.285312520791656	0.0019351903096262795	8.163567135313906
1.146658080383866e9	0.8468813426298961	8.326846009568359e-11	4.4993120279338747e-10	-9.505217435210783e-17	13.285386305715896	0.0019218732639012426	8.163567135216315
1.1466580833369205e9	0.8468813439598467	8.326812643757181e-11	4.508727600216037e-10	-1.3623983847316783e-16	13.285593204575541	0.0018841670043023779	8.163567135016438
1.1466580862903543e9	0.8468813452936859	8.326760107016993e-11	4.525677944791461e-10	-2.3528410854714427e-16	13.285972620507975	0.0018143524862553793	8.163567134814018
1.146658088185366e9	0.8468813461530723	8.326703308182347e-11	4.5462978884039577e-10	-3.8148789114989863e-16	13.286438655337077	0.0017280841989651598	8.1635671346817
1.1466580896487696e9	0.8468813468202292	8.326633237004823e-11	4.5739870856716207e-10	-5.971743996586489e-16	13.287065506992706	0.001611698423709787	8.163567134577095
1.146658090878874e9	0.8468813473850542	8.326542153150392e-11	4.6124637212995507e-10	-9.10293798649607e-16	13.287933592874678	0.0014502546207636198	8.163567134486392
1.1466580919648278e9	0.846881347888668	8.326420787228066e-11	4.666665874136476e-10	-1.3595358560117665e-15	13.289146713822529	0.0012244257555939252	8.163567134402898
1.1466580929468205e9	0.846881348350404	8.326258317997238e-11	4.74285726596995e-10	-1.9953856051242577e-15	13.290829672175187	0.0009109601411752149	8.163567134323086
1.1466580937583714e9	0.8468813487388943	8.326066444877038e-11	4.837173791180008e-10	-2.7827272126886477e-15	13.29287438156784	0.000529916192404529	8.163567134252503
1.1466580945429897e9	0.846881349123386	8.32580703740112e-11	4.972805559765847e-10	-3.9032454200320046e-15	13.295735632245938	-3.921701516378604e-6	8.16356713417842
1.146658095010365e9	0.846881349358321	8.325604224867227e-11	5.08538385553438e-10	-4.80161372772384e-15	13.298039390273578	-0.00043426323659325746	8.163567134130506
1.1466580952629876e9	0.8468813494876983	8.325476896711889e-11	5.158775581457676e-10	-5.242953230157054e-15	13.299506546615854	-0.0007086020239189753	8.163567134103117
1.1466580954471688e9	0.8468813495832416	8.325379447165695e-11	5.216461509375494e-10	-5.275238581881777e-15	13.300639201560976	-0.0009207257296545543	8.163567134082399
1.1466580955836668e9	0.846881349654739	8.32530871760826e-11	5.25938956931203e-10	-5.060330128224256e-15	13.301468801838464	-0.0010763284191402322	8.16356713406663
1.146658095728273e9	0.846881349731114	8.325237971651722e-11	5.303509709115517e-10	-4.714068123160285e-15	13.302307985316558	-0.0012338550262962044	8.163567134049552
1.1466580959110072e9	0.8468813498285166	8.325156085901828e-11	5.35650506378362e-10	-4.251767338696035e-15	13.303295471677446	-0.0014192729640485765	8.163567134027453
1.1466580961645815e9	0.8468813499652267	8.325055674647191e-11	5.425318430191566e-10	-3.6871043804989635e-15	13.304538729949712	-0.0016526755757292175	8.163567133995901
1.1466580965121334e9	0.8468813501553324	8.324938280545694e-11	5.513550452924873e-10	-3.104329193559478e-15	13.306055571518318	-0.001937197364856782	8.163567133951158
1.146658096976113e9	0.846881350413804	8.324806475902404e-11	5.628108793398516e-10	-2.6290755120224233e-15	13.307874596053118	-0.0022776585176796	8.163567133889032
1.1466580975673044e9	0.8468813507510734	8.324659153510119e-11	5.785649202580468e-10	-2.4215992188019777e-15	13.310102126784678	-0.002692665241291939	8.16356713380617
1.146658098264439e9	0.8468813511622411	8.324484952766341e-11	6.024068619547275e-10	-2.661017936206901e-15	13.313007588236555	-0.003229637852832922	8.163567133702953
1.1466580986480212e9	0.8468813513965858	8.324376562714245e-11	6.202030079954724e-10	-3.0193232519583584e-15	13.314919703302005	-0.0035801236031338785	8.163567133643243
1.1466580988476036e9	0.8468813515214607	8.324313807170313e-11	6.314041654226364e-10	-3.278261350020535e-15	13.316038864546416	-0.003784116874009843	8.163567133611217
1.1466580989877467e9	0.8468813516105502	8.324266392659898e-11	6.401152923929207e-10	-3.493028611158674e-15	13.316864695803783	-0.003933788136765532	8.163567133588298
1.1466580990862327e9	0.8468813516739093	8.324231175339597e-11	6.465867556243824e-10	-3.661112561971504e-15	13.317449062248267	-0.004038958841680725	8.16356713357197
1.146658099192281e9	0.8468813517428604	8.324191317729033e-11	6.538316478801164e-10	-3.858713609546119e-15	13.318071721939084	-0.004150112053546191	8.163567133554189
1.1466580993258643e9	0.8468813518308331	8.324137968230128e-11	6.633677110457185e-10	-4.1337792997050686e-15	13.318842047767204	-0.004286114462662427	8.163567133531494
1.1466580995094695e9	0.8468813519538961	8.324058215853789e-11	6.773249223349665e-10	-4.564256737527123e-15	13.319879323210424	-0.004466355709314812	8.163567133499779
1.1466580997567682e9	0.8468813521239098	8.323937089724856e-11	6.980517404818059e-10	-5.254511043112149e-15	13.321258142342593	-0.004700568216905171	8.163567133456125
1.1466581000605316e9	0.8468813523402944	8.323762046872136e-11	7.27473803290154e-10	-6.3137097825322615e-15	13.322970859428606	-0.004983126325703576	8.16356713340103
1.1466581004280517e9	0.8468813526153554	8.323500555259309e-11	7.710902270452485e-10	-8.001971520604183e-15	13.32516154490386	-0.005332728064091453	8.16356713333211
1.1466581008933332e9	0.8468813529903068	8.323061941818523e-11	8.447988966427869e-10	-1.1059392295127895e-14	13.32830789687758	-0.005818064195629285	8.163567133240962
1.1466581014884853e9	0.8468813535323512	8.322230691348579e-11	9.887171887417544e-10	-1.7497983131446263e-14	13.333380916139474	-0.006578208997895611	8.16356713311673
1.1466581019943643e9	0.8468813540793685	8.321120289382922e-11	1.191232892432609e-9	-2.7434388593655685e-14	13.339151604778596	-0.007429264910443491	8.163567133002386
1.1466581024519274e9	0.8468813546912373	8.319498726121183e-11	1.5179717947458987e-9	-4.579790013091688e-14	13.346114397177391	-0.008449008961401995	8.163567132889636
1.146658102702951e9	0.8468813551078526	8.318134068456731e-11	1.8226165828464515e-9	-6.432762911375848e-14	13.350893580452968	-0.009146309533418022	8.163567132822926
1.1466581028432713e9	0.8468813553795488	8.317134998711247e-11	2.0595225658068106e-9	-7.84765212419042e-14	13.35390693097339	-0.009585026685049167	8.16356713278384
1.1466581029423244e9	0.8468813555934215	8.316303630280678e-11	2.2644384586990776e-9	-8.944108597774336e-14	13.356162724289682	-0.009912963300773318	8.163567132755395
1.146658103022275e9	0.8468813557819393	8.315552677035066e-11	2.455372312834375e-9	-9.843543094916903e-14	13.358034503302214	-0.010184717322265054	8.16356713273189
1.1466581031053185e9	0.8468813559949687	8.314695398202939e-11	2.6797279576219486e-9	-1.0813018567382349e-13	13.360003016079077	-0.010470074607864496	8.163567132706959
1.1466581031789153e9	0.8468813562002405	8.313865840537192e-11	2.90249390929804e-9	-1.1745288016886993e-13	13.36175437712712	-0.010723452141175578	8.163567132684413
1.1466581032587497e9	0.8468813564425238	8.31288393029919e-11	3.1723329240993406e-9	-1.287755847938657e-13	13.363653553177652	-0.010997552681379115	8.163567132659475
1.1466581033582006e9	0.8468813567766105	8.311523924707021e-11	3.5557311828537412e-9	-1.452094299896414e-13	13.366015074275538	-0.011337266381030678	8.163567132627712
1.146658103494799e9	0.8468813573038895	8.309356979388377e-11	4.186814932468576e-9	-1.732539901437942e-13	13.369253250632333	-0.011800813616434758	8.163567132582816
1.146658103682887e9	0.846881358192386	8.30563311087335e-11	5.320491448729072e-9	-2.2576923790260958e-13	13.373715315482556	-0.012434807998477345	8.163567132518603
1.1466581038289924e9	0.8468813590518744	8.30195340218818e-11	6.496207139361164e-9	-2.798803179466249e-13	13.377187137591571	-0.012924531341751198	8.163567132466792
1.146658103929699e9	0.8468813597555712	8.29891788801909e-11	7.510836719020139e-9	-3.2393723609551235e-13	13.379570412415571	-0.01325960096081898	8.163567132430094
1.1466581040206208e9	0.84688136048697	8.295769530614684e-11	8.609912917402612e-9	-3.697622938971662e-13	13.381703630461843	-0.013559227188480336	8.163567132396276
1.1466581041255684e9	0.8468813614685404	8.291567558545897e-11	1.015029038980969e-8	-4.332480535381752e-13	13.384138867088296	-0.013901139748919702	8.163567132356436
1.1466581042624042e9	0.8468813630257136	8.284941435249778e-11	1.2734611565162503e-8	-5.407334948073268e-13	13.387274211445149	-0.014341093135766193	8.163567132303207
1.146658104452804e9	0.8468813659082584	8.272704458996434e-11	1.7920292121900573e-8	-7.618299173327065e-13	13.391587614913096	-0.014945363458723545	8.163567132226746
1.1466581047017875e9	0.8468813716664753	8.248037047015702e-11	2.9553565347633096e-8	-1.2773856863147867e-12	13.397220393582003	-0.015731278129420566	8.163567132122566
1.1466581049949043e9	0.8468813839806556	8.193746368203781e-11	5.853174924116024e-8	-2.6282551360961303e-12	13.403999957665974	-0.016670179130274944	8.163567131993732
1.1466581052928464e9	0.8468814107383658	8.069938330775162e-11	1.3341053848235942e-7	-6.3257123727989215e-12	13.41127091349771	-0.01766714678420305	8.16356713185562
1.1466581054641356e9	0.8468814409635591	7.923813591215997e-11	2.2979177917325743e-7	-1.1291471163074132e-11	13.415719425875523	-0.018272018668932383	8.163567131772735
1.1466581055644667e9	0.8468814684259643	7.787442728489777e-11	3.2370054255424095e-7	-1.621359294177404e-11	13.418435083552295	-0.018639479563881838	8.163567131722937
1.1466581056290047e9	0.8468814918695831	7.669475065362484e-11	4.061042404051165e-7	-2.0505288676262233e-11	13.42022083503447	-0.018880395583610366	8.163567131690398
1.1466581056876028e9	0.8468815183121927	7.53575040045416e-11	4.996312881289736e-7	-2.528386403697822e-11	13.421861320489182	-0.01910121322681677	8.163567131660502
1.1466581057466629e9	0.8468815511187228	7.36985492140989e-11	6.151713453599497e-7	-3.107058503267306e-11	13.423526812973108	-0.019324902117811654	8.163567131630034
1.1466581058117373e9	0.8468815960643111	7.143379501887213e-11	7.717632575810089e-7	-3.878940198252685e-11	13.425371379359351	-0.019572055823992213	8.163567131596059
1.146658105893126e9	0.8468816685496291	6.780834124592708e-11	1.0201753316254826e-6	-5.0745240849706936e-11	13.427688262908006	-0.01988164619858802	8.163567131552968
1.1466581059739654e9	0.8468817633429178	6.313708097492878e-11	1.3381838758677999e-6	-6.525866647166667e-11	13.429993418863248	-0.020188837272755066	8.163567131509515
1.1466581060351117e9	0.846881853989904	5.87646146332831e-11	1.635719242252329e-6	-7.803673979497111e-11	13.431732832344721	-0.020420179581741207	8.163567131476215
1.1466581061007278e9	0.846881973520072	5.3139875528899196e-11	2.0195549225368112e-6	-9.379353645124541e-11	13.433590822003541	-0.02066690265734268	8.16356713144006
1.1466581061815066e9	0.8468821592451113	4.466487145407509e-11	2.6004171667866432e-6	-1.1675661863435498e-10	13.435863797536465	-0.020968179787446656	8.16356713139496
1.1466581062916665e9	0.8468824995653296	2.9738375170792574e-11	3.6285204241365574e-6	-1.5590176006102009e-10	13.438938951336652	-0.021374743073859347	8.16356713133241
1.1466581064505231e9	0.8468832323239972	-7.67074590383814e-13	5.738181871110629e-6	-2.3261884415331237e-10	13.443331203611681	-0.02195314613892865	8.163567131240102
1.146658106574618e9	0.8468840819070734	-3.439388872729209e-11	8.07001486566126e-6	-3.1219683365352215e-10	13.446730255355044	-0.022398934658111814	8.163567131166271
1.1466581066608593e9	0.8468848642139737	-6.404043507010363e-11	1.014011791807747e-5	-3.763234518217564e-10	13.44906763922387	-0.022704955365010635	8.163567131114073
1.14665810672738e9	0.8468856001683336	-9.083113727984253e-11	1.2032749311265734e-5	-4.2975467755615e-10	13.450848365831623	-0.022938122745612737	8.163567131073318
