# problem=SEAS Benchmark BP5-QD
# code=Thrase
# modeler=B. A. Erickson
# date=2023/01/09
# element size=xx m
# location=on fault, z = 100.0 km
# Lz = 80 km
# t slip_y slip_z slip_rate_y slip_rate_z shear_stress state
0.0	0.0	0.0	1.0e-9	1.0e-9	13.273061180906112	13.273061180906112	8.146128035678238
1.1142019539785772	1.1146185060524247e-9	-1.0014972857551261e-13	1.0007546290275467e-9	-1.821221452321047e-13	13.273944572737562	0.0009975988139874074	8.146128035676723
2.1837213243932427	2.1853541910564986e-9	-3.950728577607158e-13	1.0015297902473748e-9	-3.721329105279378e-13	13.274851625506509	0.002020736401005518	8.146128035672303
3.435846149127816	3.4400056510491593e-9	-1.011853044277671e-12	1.0025231108282048e-9	-6.175113204523739e-13	13.276012298255294	0.003328886336656341	8.146128035663123
5.0339124693687065	5.0432249098780236e-9	-2.2766653556570215e-12	1.0039617344051818e-9	-9.745351883348236e-13	13.277689604951716	0.005218179627556253	8.146128035644397
7.163612549258095	7.18373713618866e-9	-4.942992482956609e-12	1.0062820851920708e-9	-1.5520691566706555e-12	13.280386067415039	0.008254353078717245	8.146128035605123
9.280856918243252	9.317291093970744e-9	-8.979132095901673e-12	1.0092634695277006e-9	-2.295413866119491e-12	13.283834954109771	0.012137305791819096	8.146128035545917
10.936179709161042	1.0990370308338402e-8	-1.3383247454356924e-11	1.0123256410273852e-9	-3.059570502118011e-12	13.287358119544326	0.016103713005822237	8.146128035481501
11.952627122592277	1.2020512957888143e-8	-1.6784084167304205e-11	1.014704172245897e-9	-3.652140757284278e-12	13.290074556324631	0.01915995719502332	8.146128035431856
12.690734969906275	1.277023959792839e-8	-1.966877385920692e-11	1.0168703969016258e-9	-4.184912984599738e-12	13.292502264215582	0.021881177028074704	8.146128035389806
13.189147403020668	1.327751882687675e-8	-2.186477141443213e-11	1.0188043425807859e-9	-4.647349931398397e-12	13.294594306934997	0.024206539054763793	8.14612803535784
13.593704216281623	1.3690093527948061e-8	-2.3840737216417988e-11	1.0209494340398277e-9	-5.14609395856159e-12	13.296834882546928	0.02667457660798235	8.146128035329124
13.937935023348322	1.4041950086277495e-8	-2.5706796653167464e-11	1.0235034275125074e-9	-5.727550232373334e-12	13.299431608494192	0.02951386712472315	8.146128035302057
14.23781918911995	1.4349328793953929e-8	-2.752477486959322e-11	1.0266662883700538e-9	-6.437676356129562e-12	13.302583976685957	0.032941986755319556	8.14612803527574
14.497164105228725	1.4616064355894297e-8	-2.930018398394267e-11	1.0305539319751841e-9	-7.3028282444013e-12	13.306404287582378	0.03708225396872908	8.146128035250106
14.72116105921634	1.484740618402927e-8	-3.104665611568993e-11	1.0352971123736205e-9	-8.348837753361622e-12	13.31100989100488	0.04206129443078213	8.146128035224935
14.900810932672226	1.5033848625280177e-8	-3.2645031818451265e-11	1.0406174424833046e-9	-9.506004323807387e-12	13.316071741420497	0.04751298360440371	8.146128035201942
15.051999370650927	1.5191625945717716e-8	-3.4177905832238606e-11	1.046900387404321e-9	-1.0842030266122462e-11	13.321828014264197	0.05366573522780734	8.146128035179938
15.18288139714597	1.5329117257610395e-8	-3.5695155371774993e-11	1.0545107968080634e-9	-1.2423906356424698e-11	13.328508445500882	0.060739902110931256	8.146128035158235
15.303237019715086	1.5456583638387213e-8	-3.73030967532814e-11	1.0641527857795608e-9	-1.439336006523854e-11	13.336657807833804	0.06929646016621216	8.146128035135348
15.395987281985825	1.5555720218179905e-8	-3.872617536531593e-11	1.0739567078314076e-9	-1.636915852822659e-11	13.344688755346631	0.07767035546628308	8.146128035115202
15.471384539319839	1.5637056895778533e-8	-4.0032684230723635e-11	1.083940112929007e-9	-1.83500723660653e-11	13.352593779346384	0.0858554852734926	8.146128035096803
15.537612487866426	1.57091874013295e-8	-4.131489692981571e-11	1.0946466439508781e-9	-2.0428204491725788e-11	13.3606908543708	0.09416148833837316	8.146128035078847
15.599856935786685	1.5777687021069885e-8	-4.265564403162264e-11	1.1066735350651225e-9	-2.2705343418582214e-11	13.369313932507524	0.10290532966109738	8.146128035060192
15.657209316054297	1.5841518329158703e-8	-4.402482503582689e-11	1.1195504980793264e-9	-2.508542908828894e-11	13.378059321238048	0.11166050292139781	8.146128035041285
15.71276236379928	1.5904098002824338e-8	-4.54882973568064e-11	1.1336981420075094e-9	-2.7643279173477743e-11	13.387171786975664	0.12065947851983615	8.146128035021244
15.766542246849129	1.5965473617261267e-8	-4.704699691322597e-11	1.1490735438010782e-9	-3.0365710802782144e-11	13.39654736684405	0.12978444336672393	8.146128035000096
15.824026448008913	1.6032051808606666e-8	-4.888372341189166e-11	1.1677711818071432e-9	-3.360198367952653e-11	13.407207519544494	0.13998563481848214	8.146128034975458
15.878141414159908	1.6095783221980804e-8	-5.0793371026652135e-11	1.1881343387669868e-9	-3.70478879313862e-11	13.417937169510315	0.15005776893892467	8.146128034950184
15.929842531507546	1.6157778349913814e-8	-5.280333327725176e-11	1.210602576235697e-9	-4.0783059662304015e-11	13.428902961471284	0.16015808348833419	8.146128034924006
15.977990424130503	1.621662899422434e-8	-5.485947910190096e-11	1.2344593240271763e-9	-4.4698951769188175e-11	13.439759162233493	0.16998062841988032	8.146128034897696
16.017998863651975	1.6266452351875205e-8	-5.671858688012046e-11	1.2565346609349406e-9	-4.8288965559825084e-11	13.449191380780212	0.17837720440217214	8.146128034874323
16.05986200221776	1.6319579938618697e-8	-5.882484326128274e-11	1.2820770590923446e-9	-5.2402605765157e-11	13.459392522369367	0.18730630492101744	8.14612803484833
16.10313350616042	1.6375685306250714e-8	-6.119251837745368e-11	1.311711143408483e-9	-5.711818944747867e-11	13.470278017648244	0.19664279401041437	8.146128034819736
16.154003714060366	1.6443404677746147e-8	-6.425445824785474e-11	1.3517471372220581e-9	-6.341322280750912e-11	13.483564222333671	0.20775607802045218	8.146128034783763
16.199523684418196	1.650585707285976e-8	-6.7284781139124e-11	1.3931416121268325e-9	-6.986867809767195e-11	13.495937459973817	0.21782946910489207	8.146128034749305
16.239531341133763	1.6562401593838353e-8	-7.020564336862431e-11	1.4343176457165926e-9	-7.626349750354532e-11	13.507164962951357	0.22675138917769258	8.146128034717165
16.27214115510237	1.6609771006672146e-8	-7.278500740877041e-11	1.4714817458499554e-9	-8.201797460755545e-11	13.51650541500989	0.2340212481461193	8.146128034689632
16.306783624210702	1.6661489094974072e-8	-7.5740860231319e-11	1.5151257888707686e-9	-8.87465971053946e-11	13.526574399246412	0.2416999632144201	8.14612803465903
16.34351932199337	1.6718084253352456e-8	-7.914466148822792e-11	1.5671752353300415e-9	-9.672697416566929e-11	13.537418057787969	0.24977871452210498	8.14612803462502
16.388873500740168	1.679080176353961e-8	-8.378207210977872e-11	1.6415008599092278e-9	-1.0807488955491783e-10	13.551096345475433	0.25968317637477906	8.146128034580748
16.431356587006757	1.686222701998093e-8	-8.863121228122817e-11	1.7231172806826283e-9	-1.2053445456771108e-10	13.564243040157525	0.26890507996645946	8.146128034536908
16.47009605421446	1.6930608812057596e-8	-9.355003323412524e-11	1.8091999894111968e-9	-1.337212043426675e-10	13.57649685738743	0.27724597835683185	8.146128034494858
16.49981862122341	1.6985471985361154e-8	-9.769193780637401e-11	1.883833740742275e-9	-1.4519573312074282e-10	13.586023698990065	0.2835649803929208	8.146128034461212
16.531005403085956	1.7045565520434456e-8	-1.0242694256293021e-10	1.971759046696711e-9	-1.5874082887853211e-10	13.59609531219057	0.2900849444659354	8.146128034424589
16.56275217819784	1.710974401013963e-8	-1.0771033624175587e-10	2.0737051881721043e-9	-1.7446610862990033e-10	13.606415086563477	0.296588589930189	8.146128034385898
16.601489486832246	1.7192808352331036e-8	-1.1489141257377451e-10	2.219133827273793e-9	-1.969658547721967e-10	13.619127239014816	0.30434874256369	8.146128034336728
16.6434642355719	1.7289807808423815e-8	-1.237583086231086e-10	2.408814740121826e-9	-2.2652775600771888e-10	13.633099420798528	0.31255950443611924	8.14612803428095
16.68010346194314	1.7381602281046265e-8	-1.3261432434826574e-10	2.6075830275025683e-9	-2.578437137191615e-10	13.645475753019243	0.319561044974239	8.146128034230083
16.71393628479981	1.7473391878709246e-8	-1.419053438214474e-10	2.824356115813446e-9	-2.9238467957025924e-10	13.657025290075572	0.3258736555471521	8.146128034181256
16.742052097468854	1.7555681784247983e-8	-1.5058859602402136e-10	3.0343503922378075e-9	-3.261497875654493e-10	13.666674714617363	0.3309858567204976	8.146128034139299
16.771842282576745	1.7649839882832488e-8	-1.6091358179786265e-10	3.294225454514755e-9	-3.68240864552524e-10	13.676926758167475	0.33625290738602764	8.146128034093461
16.804593005025257	1.7763146746646525e-8	-1.7385715379228503e-10	3.6361067928386416e-9	-4.2406805634488973e-10	13.688236289953025	0.3418629904190795	8.146128034041398
16.845764045479708	1.792345250239374e-8	-1.930646141846449e-10	4.1739207973988e-9	-5.129683162481345e-10	13.702555277101519	0.3486638029958817	8.146128033973431
16.882430012738695	1.808725936396636e-8	-2.1367605862612159e-10	4.784944046103533e-9	-6.155856091040183e-10	13.715432555444607	0.354496892851376	8.146128033910491
16.91915053490854	1.8276640312069252e-8	-2.386097601797589e-10	5.561030424145743e-9	-7.481579240172642e-10	13.728445524975937	0.360129886322892	8.146128033845121
16.946934960773806	1.8440953734165626e-8	-2.6109226623006036e-10	6.290121940422384e-9	-8.744965345078964e-10	13.738343011862241	0.3642440080084248	8.146128033794083
16.975438668542385	1.863283273532468e-8	-2.882196438536607e-10	7.205487551841538e-9	-1.034833866082085e-9	13.748513318738548	0.3683187189351144	8.146128033740284
17.004573109513135	1.885910229908507e-8	-3.212544991419363e-10	8.371819840111913e-9	-1.2411184454908386e-9	13.75891493612374	0.37232376927048205	8.146128033683778
17.039696831176194	1.9183670658367372e-8	-3.7029212854010573e-10	1.0198460880194806e-8	-1.5677010040731767e-9	13.771482559361138	0.3769419048493542	8.146128033613591
17.079168856086568	1.9638824585698237e-8	-4.416806593438785e-10	1.302659930443767e-8	-2.080272770639539e-9	13.785682820165299	0.38187165835197223	8.146128033531975
17.11448773534176	2.0158003528193853e-8	-5.259931758084549e-10	1.6563597563059533e-8	-2.730653287910166e-9	13.798475905008456	0.3860588593260904	8.146128033456446
17.148504086787668	2.0797211400837516e-8	-6.329698562628187e-10	2.127213281287826e-8	-3.608126588270551e-9	13.810865802833161	0.3898946383070131	8.146128033381425
17.17502681199958	2.1423686977929346e-8	-7.40378221008912e-10	2.6181397060549196e-8	-4.532617464017879e-9	13.820547062348144	0.3927456727204154	8.14612803332135
17.203497797741814	2.2263122325464358e-8	-8.872534704306969e-10	3.312009906367912e-8	-5.849966303625706e-9	13.830936873847238	0.39566300845968894	8.146128033255312
17.23369135609613	2.3405734529416042e-8	-1.091123459394518e-9	4.3094252697534004e-8	-7.757511717110902e-9	13.841950785603123	0.3985935293859382	8.146128033183503
17.27180058399767	2.5371667174183174e-8	-1.4490240423192648e-9	6.135743396277578e-8	-1.1275913541711807e-8	13.855877526173368	0.40206048837481234	8.146128033090228
17.30810979942263	2.804699751727297e-8	-1.945127595831281e-9	8.785604461251763e-8	-1.6414159874972013e-8	13.869203584517578	0.40513378572852055	8.14612803299858
17.34331768045545	3.178117415696186e-8	-2.6478215295606906e-9	1.270115446734982e-7	-2.404241805540117e-8	13.882190414916968	0.40790904126208016	8.146128032907077
17.37361017404922	3.633955115540449e-8	-3.5149338098087147e-9	1.770345511492857e-7	-3.3812381826485726e-8	13.893401872390688	0.4101387731847492	8.146128032826232
17.40064595597365	4.193668892521977e-8	-4.587523973334403e-9	2.405770193002617e-7	-4.622765391436465e-8	13.903412405579628	0.41200336875216187	8.146128032752403
17.428840046625712	4.9962789751272396e-8	-6.133539756268923e-9	3.343315540935143e-7	-6.452032511385395e-8	13.913841172913228	0.4138202543531935	8.146128032673714
17.461112664545308	6.312975277419289e-8	-8.678403919018839e-9	4.926450089488861e-7	-9.53052659860133e-8	13.925774755417766	0.4157423999895189	8.146128032581494
17.500157734051403	8.784518401941816e-8	-1.3460167706053784e-8	7.998789918702089e-7	-1.5468159558006698e-7	13.940245265938701	0.4178519290786392	8.146128032466816
17.535018142497886	1.2296456915002723e-7	-2.0241155667957495e-8	1.2505853529809242e-6	-2.410462799425686e-7	13.953219971187867	0.41954568152499594	8.146128032361508
17.57016654551776	1.788015213456298e-7	-3.097103769657734e-8	1.985834126785029e-6	-3.804582727736061e-7	13.966362581915545	0.4210828802800278	8.146128032252493
17.596543783309343	2.415899905048131e-7	-4.296188499844213e-8	2.8257215866687186e-6	-5.379665634197713e-7	13.976250577986294	0.4221284779768675	8.14612803216878
17.62422255129534	3.3637535695710947e-7	-6.093109991891881e-8	4.10372863101412e-6	-7.748702765951833e-7	13.9866289459029	0.4231282517855566	8.146128032079163
17.65277057982864	4.793684868845997e-7	-8.778909904904275e-8	6.0391704919548115e-6	-1.1287612479453324e-6	13.99733026052911	0.4240571430445118	8.146128031984807
17.687658026163792	7.488000563110139e-7	-1.3776062825365057e-7	9.695825412155136e-6	-1.7857861297365084e-6	14.010426540553755	0.42505601418244326	8.14612803186682
17.724933424885624	1.21951654196256e-6	-2.2362267050822997e-7	1.6101806507528466e-5	-2.9119348576886265e-6	14.024478794621613	0.4259666276411853	8.146128031737451
17.759419781172333	1.9281783489013394e-6	-3.5048627015682474e-7	2.5743032746053933e-5	-4.566990390445281e-6	14.037558393048224	0.4266764910320152	8.146128031614662
17.792046994213933	2.984282763533918e-6	-5.358710465281102e-7	4.001579598317082e-5	-6.958170700556947e-6	14.050008081564513	0.4272422224207993	8.146128031495694
17.817990248015448	4.22534063990295e-6	-7.497521185428191e-7	5.657079883533964e-5	-9.670300916841455e-6	14.059945048744282	0.42762601754333	8.146128031399128
17.84574383263851	6.1200409625949585e-6	-1.070384469017925e-6	8.137688078934627e-5	-1.3646295987689024e-5	14.070598824736631	0.4279779624525505	8.146128031293859
17.87564054366973	9.0860062198801e-6	-1.5621267842677702e-6	0.00011928763555739695	-1.957674337931115e-5	14.082107789221174	0.4282943755394589	8.146128031178165
17.913187367041523	1.4801173319597343e-5	-2.48601582795864e-6	0.00019028083940918168	-3.035745160626336e-5	14.096647060477299	0.4286068099711976	8.14612803102943
17.947711761946696	2.2957922833295936e-5	-3.768831139980875e-6	0.0002885119409889797	-4.4803258194242134e-5	14.110135766250247	0.4288214752854928	8.146128030889232
17.98253796450475	3.536291540413131e-5	-5.666822128734723e-6	0.00043264427122851484	-6.533226256864124e-5	14.123886726437878	0.4289816250018286	8.146128030744388
18.01135278223516	5.008962757801241e-5	-7.863422440716443e-6	0.0005973397209042514	-8.81113597198448e-5	14.135377641899588	0.429083715072185	8.146128030621886
18.037892917446076	6.846212271509054e-5	-1.0542997984185019e-5	0.0007954176577660289	-0.00011481999032329212	14.146041480181013	0.429164598263897	8.14612803050688
18.065389553427934	9.380426832283014e-5	-1.4158852989078727e-5	0.0010587989704571017	-0.00014948092144850207	14.157166770449868	0.4292442292825363	8.146128030385494
18.097027596400153	0.00013326019735645101	-1.9655717379171858e-5	0.0014538040868153413	-0.00020013407206383846	14.170083955481116	0.4293377424505869	8.14612803024295
18.134463368277956	0.00019890004246974583	-2.8552217342550384e-5	0.0020873462036861685	-0.0002790352536068693	14.185575945129116	0.42946030670494945	8.146128030070214
18.16835765038007	0.0002822210219202858	-3.9538849795112066e-5	0.0028665750194592525	-0.00037337116200161265	14.199836823330648	0.4295950934065497	8.146128029909898
18.20250918725985	0.0003971139573909855	-5.4304899957542354e-5	0.00391087171903477	-0.0004966618468309998	14.214462841845743	0.4297671353042026	8.146128029744478
18.22811357433323	0.0005095801554842859	-6.845288256034702e-5	0.0049082231684286605	-0.0006121058510976366	14.225599027561813	0.42993040348051903	8.146128029617811
18.254961208023357	0.0006580424884142308	-8.679311146704316e-5	0.006196852650437279	-0.0007589509154359108	14.23742406789674	0.4301424816049312	8.146128029482506
18.28272052315316	0.0008521519871717417	-0.00011034808675679117	0.007848186409668391	-0.0009444336343575454	14.24980949392555	0.4304086434412002	8.14612802933985
18.316171195092362	0.0011552052230568437	-0.00014643863278254355	0.010383195105503687	-0.0012251160617163571	14.264966820924371	0.43078446215350813	8.146128029164126
18.351628831471128	0.0015831858304646647	-0.00019642400406251527	0.013926508766225395	-0.001611949072412424	14.281333841569442	0.4312308738451658	8.146128028973152
18.384998749333214	0.0021182180400704464	-0.0002578138481699543	0.01834229927698524	-0.0020883960186373254	14.297030684947574	0.4316736486947905	8.14612802878884
18.415447239403278	0.0027532072414627774	-0.00032959547818643795	0.023588240379403814	-0.0026495960427238233	14.311595652416766	0.432072370077525	8.146128028616662
18.440355741153894	0.0034057081867566925	-0.00040250894623299527	0.028991522463224458	-0.003224521051776455	14.323658500448975	0.4323813325955706	8.146128028472884
18.466913070582454	0.004267119570846058	-0.0004978485259688387	0.03614797413181255	-0.003983422772778849	14.336638291830642	0.43268169162531694	8.146128028316623
18.495075448827187	0.005414644797209744	-0.0006237394304874065	0.04573114561121162	-0.004997465259160427	14.350518489743317	0.4329489112525861	8.14612802814749
18.52974216597666	0.007255287029140272	-0.0008239686444334467	0.061243501101578	-0.006636801087009257	14.367760206180659	0.4331669159482678	8.146128027934344
18.5615746858484	0.009494472095350183	-0.0010658331667372442	0.08034370020364157	-0.008654584837471179	14.38373363989947	0.4332164034087039	8.146128027733692
18.593403581438086	0.012436626644073941	-0.0013819814225694603	0.10573649914210463	-0.011339096102492858	14.399833967178019	0.43307794093585267	8.146128027528226
18.62273755759778	0.0159697509103036	-0.0017602836510069414	0.13649143081198212	-0.014596816008098592	14.414775262092656	0.4327551331039487	8.146128027334484
18.647313054255928	0.019711147509921062	-0.002160102267514104	0.16916032162144318	-0.018067280117418105	14.427344245104713	0.43233095934773363	8.146128027168867
18.673185593422676	0.024620744879935822	-0.0026843385707199154	0.21193097038030395	-0.022627803066874123	14.440601912734966	0.4317250973397059	8.146128026991205
18.701469493596043	0.03141231687234317	-0.003409692040168852	0.27057224233835026	-0.028910909368152757	14.45511287222198	0.43086089650695913	8.146128026793054
18.735807431030487	0.042202472640578685	-0.0045638958660299276	0.3619015310670657	-0.03875906563890992	14.472761620726821	0.429494365067583	8.146128026546878
18.76678735040457	0.05497682897268504	-0.005934161652961771	0.4665558680068679	-0.050125539038134735	14.488728794966764	0.4279136466097587	8.146128026319397
18.796684461643682	0.07071389729657873	-0.007628174005252136	0.5900133733801664	-0.06363203906146613	14.504189275014255	0.42602117783750626	8.14612802609494
18.822408034793533	0.08746001080564339	-0.00943769521831313	0.7149027716859764	-0.07739479057446112	14.517528169593255	0.424081264149551	8.146128025897877
18.846431834756086	0.10619429117817661	-0.01146990730008071	0.8472462448260255	-0.09208431862023374	14.530006574206674	0.4220025511156894	8.14612802571049
18.8712029666652	0.1290311459325367	-0.013957521856410101	0.9991279876678089	-0.10907036663778275	14.542893298742662	0.4195738149235656	8.146128025513853
18.898873854935154	0.15922517243382175	-0.017262403537492498	1.1861713284264084	-0.13016049451335363	14.557326465193892	0.41648147167838534	8.146128025290016
18.92861420200522	0.1977221069653747	-0.021498988820505816	1.4056932142985958	-0.1551181728897154	14.572908628216371	0.4126572516373593	8.146128025044446
18.957936526649785	0.24231623514151326	-0.02643357361226509	1.638442120007686	-0.18176973070313843	14.588368770357315	0.40832777820802435	8.146128024797155
18.988458552129202	0.29620877928989914	-0.03242841566776701	1.895173638544532	-0.2113310499352108	14.60459032500583	0.403190495892496	8.14612802453418
19.0110537914437	0.3412554835549284	-0.037460445853764464	2.0931005489128633	-0.2341990462707241	14.616687610842876	0.39896524195083033	8.146128024335761
19.033561856742224	0.39063789584889075	-0.04299451353906062	2.29568691861644	-0.25763780926454866	14.62880701355423	0.3944016664891136	8.146128024134882
19.05643706690043	0.4455506028308908	-0.049165421648156696	2.5060437980715418	-0.2819587055120608	14.641192567021132	0.38939705442207384	8.146128023927368
19.08213026410391	0.5130191467676833	-0.05676489742862605	2.7464444246753765	-0.3096392652145571	14.65519698159336	0.38331606617138275	8.146128023690185
19.110846323076235	0.5957899639732405	-0.06610263225724088	3.018880003743306	-0.3407032389243334	14.670991129161955	0.3759093605060313	8.14612802341985
19.136830289311387	0.6774619243413431	-0.07531897035831481	3.267753080849861	-0.36863094474503955	14.685435010193055	0.36862514229377813	8.146128023170345
19.161031089121774	0.7593622890165834	-0.08455103988079236	3.5007818032830356	-0.39423960428938354	14.699025572953492	0.36133753893102755	8.14612802293368
19.17955758055021	0.8258746410777529	-0.09203329303498695	3.6794596708916516	-0.41342240297116195	14.709511598579455	0.3554425394707512	8.146128022749656
19.198794616045056	0.8984393376995533	-0.10017367481639414	3.8647185429834896	-0.43279508657903154	14.720465647766487	0.34904427060108023	8.14612802255591
19.2184743475745	0.9763541414709306	-0.10887993793089129	4.053361042528124	-0.45185543719827664	14.731738187241008	0.34221118065583966	8.146128022354848
19.240915375495	1.0697131178874453	-0.11925316990285831	4.266637351648975	-0.4723988853914643	14.744679129176859	0.33406019888208394	8.14612802212199
19.26329728701796	1.1675654050233537	-0.1300416505112558	4.476759599619008	-0.4913627241824257	14.757681468993614	0.3255501590191191	8.14612802188586
19.282233500498904	1.254002546899791	-0.13948732626660515	4.652142671284133	-0.5060491595905235	14.768746101245076	0.3180752324875741	8.146128021683003
19.29701022816221	1.323746256386143	-0.14704380259626806	4.787250626857616	-0.5165595668549006	14.777405097770972	0.31209518646983536	8.146128021522712
19.312264118105023	1.3978224786023756	-0.1550001218980907	4.9248414467778945	-0.526458023989927	14.786351400734068	0.30581280136307004	8.146128021355388
19.327756016838517	1.4751852905995813	-0.16322691243441687	5.062246048341063	-0.5354273702410743	14.795434048664832	0.2993386873436172	8.146128021183511
19.344835042368715	1.5629139770003553	-0.17244615025834853	5.210365957600226	-0.5439121228283733	14.805430596189414	0.2921159056818689	8.146128020991732
19.359470541529312	1.6400780137171391	-0.18045186243258193	5.33381637044618	-0.5498934676498136	14.813963028477827	0.2858924966383598	8.14612802082547
19.371663159724175	1.7057231475328214	-0.18718184916140046	5.433715075490618	-0.5538986576431029	14.821025353209441	0.28072427443014425	8.146128020685602
19.384302934344184	1.7750418389244804	-0.19420410152673534	5.534053346622391	-0.5570675795925721	14.828280449384016	0.2754231716724862	8.146128020539296
19.396235864652738	1.841628198968555	-0.20086469845434335	5.625500575514924	-0.5591178223838252	14.83504917629552	0.2705070259479793	8.146128020399956
19.407650142844922	1.9063234881199853	-0.20725369294397905	5.709830591979473	-0.5602153815643158	14.841435598047642	0.2659139841586879	8.146128020265573
19.419555692716493	1.974809097351939	-0.2139257306693591	5.794406572821654	-0.5604595380503712	14.847992985776873	0.2612615045748882	8.146128020124271
19.43186523148948	2.0466547195274534	-0.22082133800511894	5.878110547397294	-0.5597442811278521	14.854651772249559	0.2566188223469154	8.146128019976974
19.44552254494287	2.1275420205272324	-0.22845399637105063	5.966319493442921	-0.5577899743130371	14.861887427635008	0.25168342751213946	8.146128019812126
19.459124447516025	2.209263219248265	-0.23602075078621873	6.0488988715047105	-0.5546023822626454	14.868929187833219	0.2470037442481514	8.146128019646484
19.474123881912252	2.3006340975380857	-0.24430389093032698	6.133040258206281	-0.5495890689390498	14.876501489608199	0.24212001874670097	8.146128019462166
19.489450922563957	2.395238675086644	-0.25267729546937273	6.210093492826946	-0.542741581329039	14.884031006184431	0.237426579340346	8.14612801927205
19.508130955837988	2.5120062759821167	-0.26271845065180455	6.288567218038131	-0.5318360061054592	14.892927722680758	0.23210246222809167	8.146128019037974
19.527622869590317	2.635191038983701	-0.2729473388952328	6.346140023838599	-0.5171051011993681	14.901890873682976	0.22699615873001172	8.146128018791014
19.546897849080224	2.7577899253625073	-0.2827428786051295	6.3677548451694275	-0.4985616364029752	14.910445997637435	0.22237340291660154	8.146128018544152
19.57086429700094	2.909989781592137	-0.29434677259430503	6.314303875304576	-0.4681968194519432	14.9206868178814	0.21716059231159016	8.146128018233632
19.60439704406149	3.117029580695957	-0.30907612651432653	5.968884230694124	-0.40598449793794533	14.934358212502485	0.2107135651910397	8.14612801779272
19.63391802619241	3.2847410612170855	-0.3200184572200193	5.356134528552817	-0.33385261269324723	14.945841011802552	0.20570028120822811	8.146128017398537
19.66216023387301	3.426365189856453	-0.3284589435147321	4.675544885322305	-0.26518280153031126	14.956405851471617	0.20136020428751034	8.146128017016313
19.689999782424092	3.5479107286137914	-0.3350199094277618	4.074145553740911	-0.2082151132672758	14.966469329907829	0.19742284917579264	8.146128016634762
19.722028130044546	3.669157159153718	-0.3408334382986295	3.521543458504401	-0.15717942812060662	14.977678033410685	0.1932073215754065	8.146128016190078
19.75460739116652	3.7765952914165846	-0.3452843136849073	3.093332584635056	-0.1178375366981714	14.988735859328461	0.18916128028750212	8.146128015731584
19.78067815047936	3.8535964637351263	-0.3480220724346614	2.822667014100501	-0.0930255114415938	14.997368617975571	0.18603729934425944	8.146128015360283
19.806966796517642	3.924741332095681	-0.3501889807814979	2.5967086953644456	-0.07248484782498506	15.005903627252852	0.18294494237868436	8.146128014981961
19.836541692449398	3.998309751152325	-0.3520423832237311	2.384854536386046	-0.0534835771554677	15.015330927994711	0.17948950297190394	8.146128014551708
19.868493065039253	4.071368495035083	-0.3534737482216573	2.1938919683217657	-0.03667527351355829	15.02534087437998	0.17573364048778356	8.146128014081391
19.893220697885873	4.124010663741107	-0.3542423408835146	2.0664033727171716	-0.02576234183674816	15.032978458818128	0.17278162793003915	8.146128013713524
19.918462803903743	4.174679023114178	-0.354768592227827	1.9503049173239093	-0.01617271700727523	15.040687564087257	0.16970624770759166	8.14612801333452
19.94772766390115	4.229960897301616	-0.35509913972544255	1.8300613583127863	-0.006681932756424336	15.049530857956675	0.1660382897605084	8.146128012890733
19.97775295985826	4.283223938262247	-0.3551726693865175	1.7198052061061395	0.0015524670085166929	15.058513668800453	0.16213693651890204	8.146128012430527
20.00134203346367	4.322849230024923	-0.35506902149809516	1.6408453572307782	0.007111754084338415	15.065511510369216	0.15896192631758763	8.146128012065502
20.027447607761054	4.3646161513586605	-0.35481185370159746	1.5600813390733252	0.01245935022810538	15.073200098405822	0.1553250214112011	8.146128011657979
20.058252342566607	4.411305260563871	-0.35434279997766205	1.4725098920902333	0.017838805918655165	15.082205273307657	0.15085488240630893	8.146128011172289
20.08191213406689	4.445399489266505	-0.35387792369300386	1.4101946848914872	0.021378092450555067	15.089072935459155	0.14728641499937858	8.146128010795717
20.105679521686373	4.478210250066991	-0.35333212373538886	1.351396494672467	0.024479069099958835	15.095928025321598	0.1435825362763103	8.146128010414333
20.133622964101246	4.515057639091663	-0.35260309180315125	1.2866328221753496	0.027613839997654897	15.1039308939257	0.1390754876471201	8.146128009961966
20.156762409745777	4.544241063786422	-0.35193775518715364	1.2362236220390972	0.029840521922994214	15.110507567441479	0.13522353823175443	8.146128009584125
20.179038117623488	4.571261784467905	-0.3512518129677572	1.1901925521052286	0.03170242934351163	15.11679019407718	0.13141996585976345	8.14612800921761
20.203721908025663	4.60003762421266	-0.3504467918432798	1.1418048687881068	0.033476186653736195	15.123689788464223	0.1271060856931244	8.146128008808299
20.226098721287855	4.6251175490261405	-0.3496819673984239	1.1001259222551787	0.034846665479054295	15.129879360013438	0.12311890149799515	8.146128008434365
20.247565349038787	4.6483206522161105	-0.34892156802358776	1.0619396140262376	0.035967873785029775	15.135748848233554	0.11924145457432159	8.146128008073084
20.269984142396424	4.671697300114944	-0.3481038316198602	1.0237957039457086	0.036952581240245135	15.14179520300329	0.115157350766904	8.14612800769312
20.291555477954105	4.693400163658218	-0.3472980136264346	0.98864203081158	0.037732911381263896	15.147518090982304	0.11121864056661356	8.14612800732498
20.312545294774758	4.713804499128291	-0.34649934195107895	0.9557840300709499	0.03834437154042684	15.152982006359625	0.10740411071235757	8.146128006964403
20.33393706419164	4.733903603677413	-0.3456736883570882	0.923565240513667	0.03882609596939359	15.158429222669378	0.10356123845063457	8.14612800659456
20.353774142234634	4.751937022078446	-0.3449000697801062	0.8947519604457975	0.039152394794172776	15.163358641844257	0.10005951093418165	8.146128006249503
20.37465241916622	4.770310302478123	-0.3440800763512083	0.8654561044086867	0.03937798090476383	15.168408111166388	0.09645861920330147	8.1461280058842
20.393831709449632	4.78665812320544	-0.3433236595539447	0.8394152312433925	0.039485056339046275	15.172911999795769	0.09324314257022624	8.146128005546744
20.41273951258134	4.8022930147016645	-0.342576783479463	0.8145115765709152	0.039502801196336104	15.17721999618771	0.09017064022899864	8.146128005212347
20.43438370193432	4.8196218754152005	-0.3417224484128909	0.7868904086904422	0.03942381169004669	15.181987635919063	0.08677945450682088	8.14612800482751
20.46285047834389	4.841520831952932	-0.34060337495841775	0.7519219894704442	0.039172830785380135	15.187992322002833	0.08252943752613653	8.146128004318168
20.501992250316334	4.870048835377697	-0.33908069635164384	0.7061907657313429	0.03858721781521854	15.195762252319383	0.07707897765035897	8.146128003612143
20.553912186226267	4.9052212302869425	-0.3371051430629735	0.649378808442365	0.037451409924818345	15.205219972507004	0.07054824940933972	8.146128002666131
20.621171898899508	4.946586011153729	-0.33464886965859175	0.5816784529695674	0.03551231237621769	15.216088737824396	0.06324103648130354	8.146128001425947
20.710517080971073	4.994877415960356	-0.3316116713221143	0.5010094360619146	0.03239921943378503	15.228273065907034	0.05541547040231682	8.146127999756127
20.837147887450275	5.051927254302847	-0.32781439278573865	0.4031303191470366	0.027543294830471486	15.241664192346477	0.047526695502497045	8.146127997353616
21.00753174429874	5.111352643237424	-0.32366486234741887	0.29961052800189863	0.021312214521218516	15.254053803569617	0.0414598904934441	8.146127994071898
21.231239942504367	5.167198132508431	-0.319645424704567	0.20699479453753633	0.015036275625176185	15.264335944700639	0.03804918634728482	8.146127989706493
21.534736789422087	5.218020651234001	-0.31593465900553935	0.13563536402991339	0.009943415934673475	15.273723091536073	0.036146062095676355	8.146127983717143
22.047359334992706	5.271166105442758	-0.31202876791928585	0.07994721083238623	0.005886357666450409	15.28494786675213	0.0346671880511397	8.146127973478817
22.91099058356096	5.3222285049386375	-0.3082668086298749	0.04444505471508495	0.003274872183189501	15.298014469685079	0.03366355902541388	8.146127955984731
24.215556045358294	5.365747009802589	-0.305062087567317	0.02548680200082811	0.001875204489780176	15.311578867718271	0.03325647484810051	8.146127929150625
26.00611786386535	5.401254864363375	-0.30245252912924403	0.015666439856610186	0.0011498645331754595	15.324876217155891	0.03334809797257123	8.146127891749758
28.36773905120619	5.430967336260885	-0.30027465517356344	0.010231760671601671	0.0007488868194215314	15.33812207574792	0.033754187676646286	8.146127841667324
