# problem=SEAS Benchmark BP5-QD
# code=Thrase
# modeler=B. A. Erickson
# date=2023/01/09
# element size=xx m
# location=on fault, z = 1.6 km
# Lz = 80 km
# t slip_y slip_z slip_rate_y slip_rate_z shear_stress state
0.0	0.0	0.0	1.0e-9	1.0e-9	13.273061184881861	13.273061184881861	8.146128035678238
1.04925124221727e8	0.10492500554279015	1.4666227463804765e-9	9.999958037880415e-10	5.2036805571853097e-17	13.273061225839575	1.3157035572055449e-9	8.14612802327187
2.1978551471556464e8	0.21978145842544317	5.199258858116585e-8	9.99884065256312e-10	1.4985382333959993e-15	13.273059204617608	1.3031181000520114e-9	8.146128188918844
2.8855831358820254e8	0.2885300685006123	3.6559380571851525e-7	9.99210524841609e-10	1.0238371314201717e-14	13.273046447382727	1.2956485735295714e-9	8.146129488376108
3.390289241142621e8	0.33891426925088036	1.483625625572449e-6	9.968453946956374e-10	4.071401616984094e-14	13.273001395338238	1.2902077964892984e-9	8.146134247295835
3.8109289801528865e8	0.3807339393333843	4.614732649170503e-6	9.904472599341227e-10	1.2160640650596282e-13	13.272878569023609	1.2857075542390313e-9	8.146147797452457
4.223537233663656e8	0.42131647832530483	1.310594795205543e-5	9.7450143811411e-10	3.1425931761087564e-13	13.272566788809717	1.281320503301421e-9	8.146185686259525
4.7862259685726106e8	0.4749835764954679	4.376161730807673e-5	9.28128366987189e-10	8.154435894348092e-13	13.271613680383863	1.2753438215131147e-9	8.146333338410335
5.415313358017743e8	0.5310269108860235	0.00011696887591656821	8.510903353849725e-10	1.5118745029188896e-12	13.269861808973923	1.2686472092654995e-9	8.14673390396832
6.435285086529702e8	0.6110758076969185	0.000322063332391824	7.208719826104723e-10	2.454967987719274e-12	13.26624174448417	1.2578280970307798e-9	8.148076800161025
7.941185159651468e8	0.7076297111524911	0.0007639125256528653	5.710095103917945e-10	3.3324029977339633e-12	13.26032232463186	1.2420553561583453e-9	8.151629221575366
9.67279138777026e8	0.7961051033055557	0.0013975604437412913	4.5988890344538805e-10	3.944559116672494e-12	13.253835093862634	1.2242715123224056e-9	8.157531763714534
1.0506805336080757e9	0.8328603097366472	0.0017364776860744708	4.2300206722179325e-10	4.180133030951887e-12	13.251198327477526	1.2158307753583119e-9	8.160796019818294
1.096006493630134e9	0.8516508485984217	0.0019287793606058458	4.065378806183216e-10	4.305540192485569e-12	13.250009623299366	1.2112498349953067e-9	8.162616342293736
1.1206543375945075e9	0.8615726032912494	0.0020357671436981636	3.986942780844368e-10	4.376447604798941e-12	13.249503293758979	1.2087043245805515e-9	8.163605297110255
1.133612519715821e9	0.8667147525960779	0.002092734202927669	3.9503727395823496e-10	4.416625364402933e-12	13.249339859814674	1.2072391769528086e-9	8.164120506562966
1.1401933843372421e9	0.8693090796217197	0.0021218732177382803	3.9346609068802323e-10	4.439622171487658e-12	13.249346455891676	1.2062385350299702e-9	8.164379123307427
1.143468545371229e9	0.8705967620151237	0.0021364354561421994	3.929174543094293e-10	4.453442413657702e-12	13.249434086092304	1.2052337648784482e-9	8.164506251416917
1.1450859276329806e9	0.8712321759403477	0.00214364530410213	3.928628260170867e-10	4.462522799309284e-12	13.249559158397956	1.2037180032586336e-9	8.164568253778583
1.1458831583761652e9	0.8715454320604069	0.002147205422795347	3.9304583880793134e-10	4.469191537682889e-12	13.249701228161502	1.2009273454463888e-9	8.164598437533353
1.1462760432627187e9	0.8716999029127278	0.0021489622733255405	3.9334337115433523e-10	4.4746399405296665e-12	13.249850941784779	1.1954289194910968e-9	8.164613128485643
1.1464696204822466e9	0.8717760747921061	0.0021498288816001335	3.936964066174374e-10	4.479473687724631e-12	13.250004108029708	1.184370680346278e-9	8.164620277003797
1.146564926697668e9	0.8718136123552671	0.0021502559953939086	3.94076678594349e-10	4.484000985658397e-12	13.250158898791042	1.161963329688333e-9	8.164623752538512
1.1466117904024744e9	0.8718320883587192	0.002150466223221509	3.9447069912509587e-10	4.4883793976609065e-12	13.25031455715044	1.1163623927515065e-9	8.164625439947228
1.1466347947551346e9	0.8718411669643896	0.0021505695193058945	3.948720804275175e-10	4.492689916502881e-12	13.250470799029905	1.0232390812823642e-9	8.164626257674245
1.146646064473967e9	0.8718456190747971	0.002150620171961451	3.952778483623161e-10	4.49697458636611e-12	13.25062754532977	8.325162259636898e-10	8.164626653083799
1.146651573384803e9	0.8718477976166527	0.0021506449557866718	3.956866696002354e-10	4.5012556467678774e-12	13.250784803733566	4.407512579817107e-10	8.164626843826658
1.1466542602468095e9	0.871848861258545	0.0021506570551148253	3.96098027996541e-10	4.5055456040746285e-12	13.250942628711377	-3.6629170033258317e-10	8.164626935613793
1.1466555678895972e9	0.8718493794513299	0.002150662949237316	3.965118716544755e-10	4.509852826262216e-12	13.251101121436744	-2.033804783977022e-9	8.164626979677129
1.1466562031270168e9	0.8718496314468817	0.0021506658152747955	3.969285451661194e-10	4.5141854865465455e-12	13.251260469522515	-5.4905868007764885e-9	8.164627000785986
1.146656511386305e9	0.8718497538607353	0.002150667207406334	3.973489693813521e-10	4.518555855111168e-12	13.251421046534013	-1.2685208333225707e-8	8.164627010884542
1.1466566610594618e9	0.8718498133612144	0.0021506678840040013	3.977751873305135e-10	4.5229874377986676e-12	13.251583632510984	-2.774268239099995e-8	8.1646270157168
1.146656734027242e9	0.8718498423999487	0.002150668214181617	3.9821165838128614e-10	4.527529750550905e-12	13.251749906762406	-5.954017784721359e-8	8.164627018037379
1.1466567700115466e9	0.8718498567365063	0.002150668377176549	3.986684255968103e-10	4.532293346254948e-12	13.251923638082422	-1.2783004108132706e-7	8.164627019163856
1.1466567882644413e9	0.8718498640173438	0.002150668459945713	3.991701557453212e-10	4.537548941335061e-12	13.25211407171031	-2.8005006385028565e-7	8.164627019725556
1.1466567982525043e9	0.8718498680069646	0.002150668505295341	3.997972406659708e-10	4.544175301263606e-12	13.252351332704366	-6.603509298013238e-7	8.16462702002677
1.1466568044990277e9	0.8718498705069649	0.0021506685337090714	4.008276516151203e-10	4.555242507117094e-12	13.252739110654373	-1.8702592740056721e-6	8.164627020209712
1.1466568072324185e9	0.871849871603917	0.0021506685461748594	4.019366029403214e-10	4.567351604311837e-12	13.253153923198894	-3.816801275107409e-6	8.164627020286469
1.1466568091053114e9	0.8718498723579488	0.0021506685547427644	4.034186915704784e-10	4.583705344078113e-12	13.253705316806668	-6.965421822984398e-6	8.164627020336408
1.1466568105916376e9	0.8718498729589759	0.0021506685615713494	4.055118368370773e-10	4.606951956533936e-12	13.254479531929954	-1.1883792611903253e-5	8.16462702037317
1.146656811861066e9	0.8718498734754937	0.0021506685674390407	4.0851608654704197e-10	4.640447346446224e-12	13.255582849867023	-1.9326245271446654e-5	8.164627020401092
1.1466568130136974e9	0.8718498739487119	0.0021506685728140164	4.129399653460268e-10	4.6898812729203635e-12	13.257192012657232	-3.055725130714045e-5	8.164627020421882
1.1466568139197834e9	0.8718498743251242	0.0021506685770886435	4.1824662098541837e-10	4.749191886424637e-12	13.259099500640556	-4.393757856658113e-5	8.16462702043351
1.1466568143957434e9	0.8718498745250406	0.0021506685793584923	4.2191584997248234e-10	4.7898528215883455e-12	13.260406592561464	-5.202663852392014e-5	8.164627020437296
1.1466568147034333e9	0.871849874655265	0.0021506685808366554	4.245697431888185e-10	4.818262287205537e-12	13.261351575423538	-5.476740969388904e-5	8.164627020438699
1.1466568149703484e9	0.8718498747688974	0.00215066858212584	4.268578455892117e-10	4.841091345436653e-12	13.262172611429339	-5.203792961848788e-5	8.16462702043921
1.146656815209576e9	0.8718498748712403	0.00215066858328608	4.287127254297307e-10	4.858236401174164e-12	13.262843928327907	-4.571290773081934e-5	8.164627020439138
1.146656815485194e9	0.8718498749896577	0.00215066858462736	4.305096498735435e-10	4.8739781997243655e-12	13.263497140236316	-3.701664431948152e-5	8.164627020438509
1.1466568158730276e9	0.8718498751570164	0.0021506685865209773	4.3242019181604516e-10	4.890061359345616e-12	13.264192840686256	-2.588704591585267e-5	8.164627020436827
1.1466568163936727e9	0.8718498753826186	0.002150668589070732	4.3404990523204433e-10	4.903146185140068e-12	13.264787883343512	-1.4573011349470379e-5	8.164627020433564
1.1466568170587487e9	0.8718498756716768	0.002150668592334521	4.3503638878145354e-10	4.9102431343329396e-12	13.265152282428929	-5.299767546389747e-6	8.164627020428442
1.1466568179177914e9	0.8718498760455613	0.002150668596553496	4.353245923733319e-10	4.911580255338989e-12	13.265263329586162	-3.987351488576104e-7	8.16462702042124
1.1466568189075654e9	0.871849876476446	0.0021506686014148638	4.35340150015511e-10	4.9115992801576365e-12	13.26526958060352	5.438138537394701e-9	8.164627020412826
1.1466568211350355e9	0.8718498774461559	0.002150668612355311	4.3534234581949747e-10	4.91160251658053e-12	13.265270262318703	1.630682936056263e-8	8.164627020393878
1.1466568253328943e9	0.871849879273668	0.0021506686329735287	4.3534535078089734e-10	4.911603620590471e-12	13.265271107711166	1.6392713082491236e-8	8.164627020358157
1.1466568333904386e9	0.8718498827815054	0.0021506686725489984	4.353511259306563e-10	4.911605524789165e-12	13.265272731661904	1.639944521476568e-8	8.164627020289561
1.146656848892143e9	0.8718498895302763	0.0021506687486872803	4.353623301008637e-10	4.911608865358195e-12	13.265275885022053	1.641132375886434e-8	8.164627020157486
1.1466568787686732e9	0.8718499025377192	0.002150668895429192	4.3538428238733443e-10	4.911614073714181e-12	13.265282074079682	1.643497066681054e-8	8.164627019902516
1.1466569364512727e9	0.8718499276530707	0.002150669178744043	4.3542808009219253e-10	4.911619235227533e-12	13.265294463876728	1.6483735685774264e-8	8.164627019408659
1.1466570480133617e9	0.8718499762353161	0.0021506697266942126	4.355187355603578e-10	4.911608306750055e-12	13.265320281738921	1.6591918535764143e-8	8.164627018447206
1.146657256539922e9	0.8718500670723172	0.0021506707508852675	4.357152015955839e-10	4.911490038068983e-12	13.2653769872331	1.6865891604553258e-8	8.164627016624975
1.1466576083149574e9	0.8718502204220417	0.002150672478522878	4.361892328686221e-10	4.9107470720940755e-12	13.265517428067504	1.785223503070469e-8	8.164627013453382
1.1466578298470535e9	0.8718503171050196	0.002150673566279584	4.3672583047191185e-10	4.909326488561949e-12	13.265680920581199	1.9953031032438573e-8	8.164627011357307
1.1466579434311504e9	0.8718503667369919	0.002150674123813325	4.3725766693364505e-10	4.907537238807559e-12	13.265845826008054	2.4070502161527063e-8	8.164627010227056
1.1466580018730102e9	0.871850392305101	0.002150674410566994	4.3779639699039787e-10	4.9055015774819394e-12	13.266014423489118	3.2281636037439763e-8	8.164627009616506
1.1466580322727294e9	0.8718504056215276	0.0021506745596628304	4.383577002382282e-10	4.903246440447659e-12	13.266190884230008	4.8986762302701e-8	8.164627009283329
1.1466580485075328e9	0.8718504127425647	0.0021506746392479133	4.3897245568860543e-10	4.900687107474389e-12	13.266384523479106	8.427901627218868e-8	8.164627009096506
1.1466580577915878e9	0.8718504168210609	0.002150674684733188	4.397308102691947e-10	4.897451090921518e-12	13.266623514350968	1.6708106908772508e-7	8.164627008983786
1.146658064007434e9	0.8718504195576405	0.002150674715160719	4.4100106337123274e-10	4.891899552242125e-12	13.267023584469875	4.2876997278742507e-7	8.164627008902723
1.146658066713233e9	0.8718504207524806	0.0021506747283901884	4.423214923801548e-10	4.886005817522945e-12	13.267438738359786	8.343883427564784e-7	8.164627008864057
1.1466580685607893e9	0.8718504215711266	0.00215067473741088	4.440396956768938e-10	4.878205203724405e-12	13.267977466356506	1.474149432949222e-6	8.164627008835037
1.1466580700236354e9	0.8718504222222749	0.002150674744539638	4.464170113506213e-10	4.867222784639551e-12	13.268719721713586	2.455126837404104e-6	8.164627008809283
1.146658071270384e9	0.8718504227807689	0.002150674750598808	4.4977311603379095e-10	4.851397762977947e-12	13.269761109508892	3.916735329040133e-6	8.164627008784047
1.1466580723806455e9	0.8718504232825827	0.0021506747559733408	4.545415908659462e-10	4.828317874854393e-12	13.271227620657628	6.04630194500994e-6	8.164627008757446
1.1466580734007025e9	0.8718504237494655	0.002150674760882461	4.613513626993016e-10	4.794201862709239e-12	13.273295505732753	9.107010175317573e-6	8.164627008727651
1.146658074327661e9	0.8718504241811779	0.002150674765305411	4.707387591753223e-10	4.7450221950473445e-12	13.276096433394407	1.3283899211288085e-5	8.164627008693843
1.1466580747954879e9	0.8718504244028463	0.0021506747675174315	4.77125937722863e-10	4.710236615817414e-12	13.277969822838852	1.5937959894974528e-5	8.1646270086734
1.1466580750667174e9	0.8718504245328279	0.0021506747687918327	4.813948668719359e-10	4.6866467566937226e-12	13.279206199310433	1.70651645981477e-5	8.164627008660254
1.146658075277231e9	0.8718504246345313	0.0021506747697764457	4.848379968866533e-10	4.667814901676405e-12	13.280192041519738	1.6716463889659518e-5	8.164627008649338
1.1466580754421263e9	0.8718504247146944	0.00215067477054498	4.874265897751066e-10	4.653885246208824e-12	13.28092593418986	1.5478370742314933e-5	8.164627008640363
1.1466580756213021e9	0.8718504248022636	0.00215067477137759	4.899911741938863e-10	4.6401752010255915e-12	13.28164752485813	1.3682874767139254e-5	8.16462700863021
1.14665807585556e9	0.871850424917397	0.0021506747724627205	4.928833421404944e-10	4.624682438886622e-12	13.28245554629084	1.1313355234392302e-5	8.164627008616392
1.1466580761951864e9	0.8718504250853841	0.0021506747740301997	4.96202650665018e-10	4.606767581685892e-12	13.283375749667114	8.357270674819834e-6	8.164627008595456
1.14665807667588e9	0.8718504253247473	0.002150674776240061	4.994607120563778e-10	4.5890188142869394e-12	13.284270810407087	5.2051188242717934e-6	8.16462700856448
1.1466580772777975e9	0.8718504256261703	0.0021506747789979456	5.018196732121769e-10	4.57606482415941e-12	13.284911572659421	2.5622715211507464e-6	8.164627008524285
1.146658077996604e9	0.8718504259873973	0.002150674782284395	5.030365556464771e-10	4.5692968007800246e-12	13.285235456866323	7.483076373885058e-7	8.16462700847524
1.1466580789333534e9	0.8718504264588504	0.002150674786563211	5.034402901816167e-10	4.566581994818342e-12	13.285335405085492	1.0838392142265191e-7	8.164627008410775
1.146658080383866e9	0.8718504271893398	0.002150674793184757	5.037803565465811e-10	4.5632217344858385e-12	13.285413692703255	9.851445070870218e-8	8.164627008310623
1.1466580833369205e9	0.871850428678286	0.0021506748066459037	5.04699103420787e-10	4.5523592469515355e-12	13.285633333806661	1.469081263250272e-7	8.164627008105457
1.1466580862903543e9	0.8718504301709873	0.002150674820061788	5.063002713354021e-10	4.529437946158635e-12	13.286036456167155	2.64910020675962e-7	8.164627007897598
1.146658088185366e9	0.8718504311320676	0.002150674828619199	5.082050003526212e-10	4.498792465698149e-12	13.2865318685925	4.393311126560272e-7	8.164627007761641
1.1466580896487696e9	0.8718504318774676	0.0021506748351740896	5.107315818113056e-10	4.4556163923186816e-12	13.28719840978416	6.950919682336487e-7	8.16462700765408
1.146658090878874e9	0.8718504325076938	0.0021506748406201607	5.142157928796317e-10	4.393838160577965e-12	13.288121595040323	1.0619687774588838e-6	8.16462700756072
1.1466580919648278e9	0.8718504330685616	0.0021506748453471963	5.19097646015397e-10	4.304971287552138e-12	13.289411827055513	1.5784736585011491e-6	8.164627007474666
1.1466580929468205e9	0.8718504335814281	0.0021506748495168666	5.259298987063945e-10	4.177826967553658e-12	13.291201848928146	2.2891596832586225e-6	8.164627007392278
1.1466580937583714e9	0.8718504340114492	0.00215067485284676	5.343515614690987e-10	4.017792304387772e-12	13.293376694869469	3.1354708577353317e-6	8.164627007319277
1.1466580945429897e9	0.871850434435119	0.0021506748559137843	5.463956122265198e-10	3.783294845583758e-12	13.29642013547595	4.272475277627707e-6	8.164627007242489
1.146658095010365e9	0.8718504346927177	0.0021506748576378327	5.563440754000003e-10	3.5853977854877155e-12	13.29887062629341	5.119519694591288e-6	8.164627007192735
1.1466580952629876e9	0.8718504348340645	0.0021506748585274757	5.628156725026256e-10	3.4551700685858563e-12	13.30043133929181	5.484660116572192e-6	8.16462700716425
1.1466580954471688e9	0.8718504349381908	0.0021506748591544455	5.679023090546135e-10	3.352448783345624e-12	13.30163648002586	5.419525272705559e-6	8.164627007142693
1.1466580955836668e9	0.8718504350159676	0.002150674859606815	5.716917018332254e-10	3.276010061425381e-12	13.302519353062657	5.112194657921625e-6	8.164627007126272
1.146658095728273e9	0.8718504350989214	0.002150674860074836	5.755920068348817e-10	3.197605931516678e-12	13.303412479858029	4.662961021020381e-6	8.164627007108479
1.1466580959110072e9	0.8718504352045349	0.002150674860650489	5.802868634819381e-10	3.1038249518178983e-12	13.304463370773309	4.0747324211435135e-6	8.164627007085443
1.1466580961645815e9	0.871850435352465	0.002150674861422015	5.86404026463368e-10	2.983027715459258e-12	13.305786173183657	3.3463104271933716e-6	8.164627007052538
1.1466580965121334e9	0.8718504355576527	0.0021506748624318998	5.942890658058892e-10	2.8302879931034876e-12	13.307399377341042	2.551179362894354e-6	8.164627007005846
1.146658096976113e9	0.8718504358357755	0.0021506748636999033	6.045949176303241e-10	2.6358639544895715e-12	13.309332506873568	1.7969633553907923e-6	8.164627006940965
1.1466580975673044e9	0.8718504361973095	0.0021506748651823975	6.188344037087525e-10	2.3734571416652367e-12	13.31169699657406	1.210663510880682e-6	8.164627006854364
1.146658098264439e9	0.8718504366357722	0.0021506748667071405	6.40247030392755e-10	1.9772981680534138e-12	13.314776492303835	8.943843129613818e-7	8.164627006746418
1.1466580986480212e9	0.8718504368842563	0.0021506748674106047	6.559591239264956e-10	1.6774414724785613e-12	13.316800752310959	8.477156892255324e-7	8.164627006683935
1.1466580988476036e9	0.8718504370161287	0.0021506748677267815	6.657277891894052e-10	1.486567773627615e-12	13.31798476967533	8.53090064702389e-7	8.164627006650406
1.1466580989877467e9	0.8718504371099486	0.002150674867924803	6.732791114607195e-10	1.3375961978001577e-12	13.318857952169365	8.682027575299276e-7	8.164627006626404
1.1466580990862327e9	0.8718504371765314	0.0021506748680511323	6.788756483943514e-10	1.2271454012121084e-12	13.319475413697935	8.842976793646132e-7	8.164627006609308
1.146658099192281e9	0.8718504372488548	0.0021506748681747777	6.85135022792432e-10	1.1040229721747643e-12	13.320132839407925	9.066587074003316e-7	8.164627006590687
1.1466580993258643e9	0.8718504373409229	0.0021506748683115724	6.933677879685116e-10	9.428975787118047e-13	13.320945352765582	9.422991366282734e-7	8.16462700656692
1.1466580995094695e9	0.87185043746932	0.0021506748684634387	7.054037954492283e-10	7.086463124138156e-13	13.322037861853184	1.0051301793197069e-6	8.164627006533701
1.1466580997567682e9	0.8718504376459281	0.002150674868596741	7.232365003395399e-10	3.627835450644249e-13	13.323487175311568	1.1159741072010466e-6	8.164627006487967
1.1466581000605316e9	0.8718504378693438	0.002150674868634599	7.484405571747985e-10	-1.2760724475329228e-13	13.325282901810134	1.2957089793018768e-6	8.164627006430234
1.1466581004280517e9	0.8718504381509682	0.002150674868458645	7.855280370230018e-10	-8.603008010065078e-13	13.327573343162841	1.5832512556488724e-6	8.164627006358025
1.1466581008933332e9	0.871850438530082	0.0021506748677819483	8.474222480583363e-10	-2.126663785975613e-12	13.33085389096999	2.073007316321711e-6	8.16462700626254
1.1466581014884853e9	0.8718504390668372	0.002150674865817482	9.65626700566116e-10	-4.715437171089837e-12	13.336131309989192	2.9508973717208944e-6	8.164627006132443
1.1466581019943643e9	0.8718504395928003	0.0021506748625471275	1.1263881298029865e-9	-8.580642282614123e-12	13.34212733458538	3.9879848371566856e-6	8.164627006012765
1.1466581024519274e9	0.8718504401587412	0.00215067485729376	1.3702423212425612e-9	-1.5116649964687288e-11	13.349357812925081	5.256214477611257e-6	8.164627005894815
1.146658102702951e9	0.8718504405279225	0.0021506748527711553	1.5844503283330589e-9	-2.137215399102674e-11	13.354318693872374	6.115258093488464e-6	8.16462700582506
1.1466581028432713e9	0.8718504407611132	0.002150674849441051	1.7450014067572956e-9	-2.6298628944952874e-11	13.357445843604408	6.599652400224377e-6	8.164627005784197
1.1466581029423244e9	0.8718504409405105	0.002150674846629952	1.880474051257205e-9	-3.0579580143793054e-11	13.35978652848159	6.8713349979629235e-6	8.164627005754463
1.146658103022275e9	0.8718504410957143	0.002150674844028857	2.004205290203445e-9	-3.457002689780084e-11	13.361728600956441	7.018588594731834e-6	8.1646270057299
1.1466581031053185e9	0.8718504412679732	0.0021506748409675473	2.1468714078638746e-9	-3.925109467848672e-11	13.363770891792674	7.118771914873695e-6	8.164627005703844
1.1466581031789153e9	0.8718504414310201	0.002150674837911154	2.2860347154795656e-9	-4.388641208469218e-11	13.365587726639907	7.187470866544702e-6	8.164627005680282
1.1466581032587497e9	0.8718504416200323	0.002150674834188271	2.451774455337426e-9	-4.94828039205717e-11	13.367557671384024	7.258899653092183e-6	8.164627005654236
1.1466581033582006e9	0.8718504418751037	0.0021506748288828417	2.682669430542215e-9	-5.739997713339639e-11	13.37000676603337	7.355807399288749e-6	8.164627005621053
1.146658103494799e9	0.8718504422660632	0.0021506748201879314	3.052796199718166e-9	-7.035008991988586e-11	13.37336407438927	7.510439193030212e-6	8.164627005574166
1.146658103682887e9	0.8718504428977256	0.002150674804898761	3.6927589895356392e-9	-9.339390576372892e-11	13.377988118369483	7.736129310116273e-6	8.16462700550711
1.1466581038289924e9	0.8718504434820346	0.0021506747895981017	4.329367461981782e-9	-1.1705073955858221e-10	13.381584195369902	7.792614865039769e-6	8.164627005453015
1.146658103929699e9	0.8718504439440451	0.002150674776821209	4.859946533759662e-9	-1.373078380628984e-10	13.384052111373247	7.670254754715137e-6	8.16462700541471
1.1466581040206208e9	0.8718504444106452	0.0021506747633739296	5.417342626635398e-9	-1.5910565401916758e-10	13.386260783501418	7.466603482019648e-6	8.164627005379412
1.1466581041255684e9	0.8718504450176521	0.0021506747451394016	6.172386164182868e-9	-1.894139956667975e-10	13.388781815522076	7.193289275926554e-6	8.164627005337834
1.1466581042624042e9	0.8718504459418082	0.0021506747159413856	7.3833550574957805e-9	-2.3965611559332067e-10	13.392026967650896	6.8460672401180605e-6	8.16462700528229
1.146658104452804e9	0.8718504475512394	0.0021506746615514165	9.657993637280073e-9	-3.3839613029470653e-10	13.396489854444875	6.432950335334992e-6	8.164627005202519
1.1466581047017875e9	0.8718504504821596	0.002150674553308693	1.4283442686350655e-8	-5.518428231186614e-10	13.402314243886433	6.036792708119125e-6	8.16462700509385
1.1466581049949043e9	0.8718504559705911	0.0021506743277061244	2.4318498221467044e-8	-1.0514698910124403e-9	13.40931795359867	5.763080587745621e-6	8.16462700495951
1.1466581052928464e9	0.8718504660243483	0.0021506738648807014	4.6098451051492676e-8	-2.2296071198902006e-9	13.41682099214517	5.679203085839968e-6	8.16462700481554
1.1466581054641356e9	0.8718504758121806	0.00215067337504049	7.028979537889234e-8	-3.6218964521546667e-9	13.421407489240979	5.715614495776673e-6	8.164627004729171
1.1466581055644667e9	0.8718504838868275	0.002150672950946804	9.182494461465355e-8	-4.9064805019884516e-9	13.424206061428068	5.762135302380358e-6	8.164627004677286
1.1466581056290047e9	0.8718504903744274	0.002150672600213506	1.0984713465576228e-7	-6.003275281198893e-9	13.426045880228761	5.797459836272097e-6	8.164627004643384
1.1466581056876028e9	0.8718504973769075	0.002150672213626158	1.2977125382868176e-7	-7.23171599328819e-9	13.427735778914546	5.8300402339301885e-6	8.16462700461224
1.1466581057466629e9	0.8718505057334326	0.0021506717434587232	1.5396152303773304e-7	-8.739088871778945e-9	13.429451230728736	5.863215652100504e-6	8.164627004580499
1.1466581058117373e9	0.8718505167708759	0.0021506711107912913	1.8636730871788832e-7	-1.0777971244802942e-8	13.431350915494034	5.90070439085672e-6	8.164627004545112
1.146658105893126e9	0.8718505339273785	0.0021506701074513147	2.373727643601687e-7	-1.401963433869629e-8	13.43373675521548	5.942174650942928e-6	8.164627004500243
1.1466581059739654e9	0.8718505556331437	0.002150668812797919	3.0223353337580483e-7	-1.8184251908919795e-8	13.43611029657802	5.95963042194959e-6	8.164627004454996
1.1466581060351117e9	0.8718505759008136	0.0021506675853056375	3.624228981529664e-7	-2.2081953776291654e-8	13.437901233707342	5.9544245457037045e-6	8.164627004420318
1.1466581061007278e9	0.871850602130729	0.00215066597682146	4.393391620297268e-7	-2.7098947175776786e-8	13.439814221194894	5.9414703686659685e-6	8.16462700438268
1.1466581061815066e9	0.8718506421059091	0.002150663493395626	5.544711208868846e-7	-3.4664921435132324e-8	13.442154432957745	5.927159367636868e-6	8.164627004335733
1.1466581062916665e9	0.8718507137584638	0.002150658975330137	7.558838978517249e-7	-4.8008084988397865e-8	13.44532044653622	5.91993321954081e-6	8.164627004270628
1.1466581064505231e9	0.8718508642096563	0.0021506493229315115	1.165248519037936e-6	-7.535047431220917e-8	13.449842170620883	5.932474391002202e-6	8.164627004174559
1.146658106574618e9	0.8718510354202533	0.0021506381865547953	1.6164464234450538e-6	-1.056526059908629e-7	13.453341194501059	5.920710010273681e-6	8.164627004097733
1.1466581066608593e9	0.8718511915125143	0.002150627950639367	2.0163522116997274e-6	-1.3261260095196217e-7	13.455747410013036	5.848544506451686e-6	8.164627004043423
1.14665810672738e9	0.8718513374674118	0.002150618329377907	2.380391162672633e-6	-1.5724870302909883e-7	13.45758077757337	5.752451176808946e-6	8.164627004001021
