# problem=SEAS Benchmark BP5-QD
# code=Thrase
# modeler=B. A. Erickson
# date=2023/01/09
# element size=xx m
# location=on fault, z = 100.5 km
# Lz = 80 km
# t slip_y slip_z slip_rate_y slip_rate_z shear_stress state
0.0	0.0	0.0	1.0e-9	1.0e-9	13.273061180906112	13.273061180906112	8.146128035678238
1.1142019539785772	1.116622451084027e-9	-4.364846282790608e-14	1.004371545653989e-9	-7.949546723744147e-14	13.273827006741069	-0.002503763181144157	8.146128035676927
2.1837213243932427	2.1931625590662067e-9	-1.7268299141137534e-13	1.008808997343551e-9	-1.631142493473711e-13	13.274610429882811	-0.005117942960390366	8.1461280356731
3.435846149127816	3.459802836957472e-9	-4.437437082344013e-13	1.0144725445217703e-9	-2.7199428347120954e-13	13.27561115880089	-0.008491898524391939	8.146128035665157
5.0339124693687065	5.087388291663393e-9	-1.0028413919681738e-12	1.0226790938339272e-9	-4.321586009681816e-13	13.277055744133271	-0.013393002686730519	8.146128035648971
7.163612549258095	7.278986684891188e-9	-2.1918254505743535e-12	1.0359835441948676e-9	-6.956729132426397e-13	13.279376128937546	-0.02129696080748402	8.146128035615044
9.280856918243252	9.489804074695617e-9	-4.013601386779631e-12	1.0532470923161292e-9	-1.0430579579905397e-12	13.282342594246813	-0.031423227035513486	8.146128035563901
10.936179709161042	1.1247436768700323e-8	-6.0290525542797395e-12	1.0711988709539677e-9	-1.4099610992877347e-12	13.285373534273957	-0.041776858197268944	8.146128035508237
11.952627122592277	1.2343170536836904e-8	-7.604758924405968e-12	1.085334826038184e-9	-1.7013244743702549e-12	13.287720442143105	-0.049763465173360284	8.146128035465306
12.690734969906275	1.3148895196187427e-8	-8.954913956335157e-12	1.0985125238763433e-9	-1.96815241782315e-12	13.28986813187843	-0.056898222131788655	8.14612803542886
13.189147403020668	1.369928231679255e-8	-9.99174738729428e-12	1.1107229936061846e-9	-2.2032516447882517e-12	13.291813071638414	-0.06303596523057911	8.146128035400992
13.593704216281623	1.4151303942301765e-8	-1.0932416391775033e-11	1.1247636426661185e-9	-2.460677247612848e-12	13.293998667660114	-0.06959448487748172	8.146128035375709
13.937935023348322	1.4541264408338696e-8	-1.1829039027713753e-11	1.1420004266017264e-9	-2.7665119996526605e-12	13.29661993230928	-0.07717360085415097	8.146128035351547
14.23781918911995	1.4886811579636472e-8	-1.2712499720246704e-11	1.1639241576519374e-9	-3.14917711152984e-12	13.299873011448014	-0.086351286410352	8.146128035327674
14.497164105228725	1.5192030556066215e-8	-1.3587726825991142e-11	1.1915715683068262e-9	-3.630532820078939e-12	13.303865627343592	-0.09743737650911403	8.146128035303994
14.72116105921634	1.5462587885319996e-8	-1.446461282499317e-11	1.2263290241463421e-9	-4.2371733409556384e-12	13.308724109363135	-0.1107119163678133	8.146128035280318
14.900810932672226	1.568630732228999e-8	-1.528526876923094e-11	1.2668200203814978e-9	-4.941881490285791e-12	13.314179282146055	-0.12522346412844362	8.146128035258299
15.051999370650927	1.5881384449237395e-8	-1.609339370277546e-11	1.3170640464941437e-9	-5.802348017590737e-12	13.320673453501856	-0.1417193351053648	8.146128035236787
15.18288139714597	1.6057707048047365e-8	-1.691953965032304e-11	1.3814415534125802e-9	-6.8905844126149264e-12	13.32859501321408	-0.16089363606456258	8.146128035215023
15.303237019715086	1.622886227489261e-8	-1.7831584574778958e-11	1.4681572146880037e-9	-8.360004400099785e-12	13.33863868189954	-0.18428181445711936	8.146128035191376
15.395987281985825	1.6369169172419535e-8	-1.8677828061053852e-11	1.5621486875048928e-9	-9.97476781021093e-12	13.348811344145817	-0.20725288121953767	8.14612803516993
15.471384539319839	1.6490628376552956e-8	-1.949371908415795e-11	1.6644347675427286e-9	-1.175189278849218e-11	13.359150890552895	-0.22978336985461004	8.14612803514981
15.537612487866426	1.6604598613488437e-8	-2.0337143796547668e-11	1.7825731575915561e-9	-1.3810123687024734e-11	13.370282271610435	-0.252838503950289	8.14612803512964
15.599856935786685	1.671985081175374e-8	-2.1271659877695243e-11	1.926710306260883e-9	-1.6324045633458494e-11	13.382855701925791	-0.27739711499078396	8.146128035108061
15.657209316054297	1.6835006449196594e-8	-2.2289344902049083e-11	2.0953503013549523e-9	-1.927938246660584e-11	13.3963686120222	-0.3022960715920993	8.146128035085468
15.71276236379928	1.695685915238676e-8	-2.3456598044019608e-11	2.298835131749892e-9	-2.2879671264817724e-11	13.411234498632371	-0.3282146875319003	8.146128035060698
15.766542246849129	1.708682328675095e-8	-2.4800334665402502e-11	2.543300542320275e-9	-2.7262862088441863e-11	13.427394639566803	-0.3548847912627716	8.146128035033612
15.824026448008913	1.724218126958244e-8	-2.6533780682695336e-11	2.8768694090407785e-9	-3.3335842609660825e-11	13.447101357929693	-0.3853938038939044	8.146128035000768
15.878141414159908	1.7408534532577995e-8	-2.853489870023809e-11	3.290582232847399e-9	-4.100604716655445e-11	13.468653428040808	-0.4165127443255892	8.146128034965532
15.929842531507546	1.7591573032124677e-8	-3.089887125064318e-11	3.814731808541578e-9	-5.095288537950671e-11	13.492439538158848	-0.44878614615020346	8.146128034927225
15.977990424130503	1.7790038002153857e-8	-3.363933515006286e-11	4.45805734907539e-9	-6.350521695362475e-11	13.517575394897017	-0.48115422358367493	8.146128034886763
16.017998863651975	1.798157845819642e-8	-3.6443232025086976e-11	5.143209726695679e-9	-7.724548803852963e-11	13.540678391777492	-0.5096191584944237	8.146128034849106
16.05986200221776	1.8215238707833142e-8	-4.0053004129817075e-11	6.0599615371895104e-9	-9.611947436644714e-11	13.567273157067577	-0.5408907369983177	8.14612803480526
16.10313350616042	1.850330713689838e-8	-4.47563214842019e-11	7.317804020265508e-9	-1.2272939744717682e-10	13.598041691688461	-0.5750483072999734	8.146128034754494
16.154003714060366	1.8925358631398966e-8	-5.208062176072055e-11	9.410662444663117e-9	-1.6845926918419773e-10	13.639410740529229	-0.6180584754503726	8.146128034686498
16.199523684418196	1.9412205268782346e-8	-6.106510938221642e-11	1.2148799471794426e-8	-2.3048753843698686e-10	13.68172033489434	-0.6594367303774885	8.14612803461661
16.239531341133763	1.9963046087069438e-8	-7.179704472569057e-11	1.5583186407028727e-8	-3.110311604344546e-10	13.723181013650914	-0.6980224548378096	8.146128034546873
16.27214115510237	2.0530814537554373e-8	-8.33736021210294e-11	1.942871748263886e-8	-4.0399070650173074e-10	13.7600635257167	-0.7308925573698292	8.146128034483418
16.306783624210702	2.1295849373977787e-8	-9.964479153072169e-11	2.506260715459324e-8	-5.441211049946603e-10	13.802845561030738	-0.7672668229583148	8.146128034408585
16.34351932199337	2.2365588254987312e-8	-1.2343429083509625e-10	3.3760235475841767e-8	-7.671724724887555e-10	13.853239407949532	-0.8077624212899582	8.146128034319615
16.388873500740168	2.4254079990736096e-8	-1.6766917628812295e-10	5.1086676275560175e-8	-1.2283900800215368e-9	13.923893327442418	-0.8610057110383013	8.146128034193504
16.431356587006757	2.6967592337096398e-8	-2.3481341688302616e-10	7.925674164220419e-8	-2.009974045868466e-9	13.999359015450123	-0.9144914774627522	8.146128034055558
16.47009605421446	3.082224589530442e-8	-3.351693601603133e-10	1.2377530794983825e-7	-3.295677320937291e-9	14.076356836867886	-0.9663416707705784	8.146128033909381
16.49981862122341	3.527148826805314e-8	-4.5601890584062336e-10	1.7982640424552472e-7	-4.970538807666666e-9	14.141053290958041	-1.0080045560672966	8.146128033781528
16.531005403085956	4.224458020168984e-8	-6.528744212347322e-10	2.756375785552372e-7	-7.92461564603199e-9	14.215141104424251	-1.0534751162962073	8.146128033630081
16.56275217819784	5.3428133788894306e-8	-9.814966580844798e-10	4.4530564024580687e-7	-1.3329813576404e-8	14.298523078091481	-1.1017661930728049	8.146128033454353
16.601489486832246	7.76478793194014e-8	-1.7268389311430017e-9	8.586598826779925e-7	-2.70168204736359e-8	14.412986929385825	-1.1637697178332127	8.14612803320376
16.6434642355719	1.3266377686217942e-7	-3.512620970337513e-9	1.9281317700310214e-6	-6.408721719217271e-8	14.554371870877523	-1.2351716952388012	8.146128032875138
16.68010346194314	2.397821842177844e-7	-7.172240056815213e-9	4.266287374574352e-6	-1.488481689710679e-7	14.693308759537906	-1.301200098182403	8.146128032525445
16.71393628479981	4.609951511519627e-7	-1.5090673030981174e-8	9.616334803141454e-6	-3.509848916202333e-7	14.835078154302442	-1.3650175818291685	8.14612803213544
16.742052097468854	8.601761834805675e-7	-2.9972297313979567e-8	2.0254858451915357e-5	-7.676389372489731e-7	14.963945803104203	-1.4198252447358926	8.146128031749418
16.771842282576745	1.8171848673022965e-6	-6.708484615208174e-8	4.8586011220257205e-5	-1.9166298343749544e-6	15.113485884428053	-1.4794170047004507	8.14612803126277
16.804593005025257	4.653308945629258e-6	-1.8192600058331176e-7	0.00014321531738007004	-5.9053452241290825e-6	15.295663740297034	-1.5466530501442672	8.146128030608812
16.845764045479708	1.85554636739166e-5	-7.756560708135284e-7	0.0006772856755410388	-2.9536034053668037e-5	15.55378491377892	-1.6338730046357361	8.14612802954453
16.882430012738695	7.786304081523285e-5	-3.444664506333125e-6	0.003243408475947229	-0.00014870852700064037	15.812418102199791	-1.7141891994200682	8.146128028272917
16.91915053490854	0.0003868693881261322	-1.807102106601184e-5	0.017425580253548154	-0.00083993046505774	16.099043709373298	-1.7968674560273292	8.146128026550224
16.946934960773806	0.0013354743682884034	-6.483094534538066e-5	0.05772035940081595	-0.0028880461615852916	16.33424302146637	-1.8603740606964323	8.14612802482109
16.975438668542385	0.004179176857213675	-0.00021025568677985622	0.15146464912061808	-0.007868206460153924	16.592134574781372	-1.9257220799316288	8.146128022511933
17.004573109513135	0.01064452172652453	-0.0005532002640501761	0.2994980364681741	-0.016149594816924184	16.87358134216224	-1.9922266834726616	8.14612801937305
17.039696831176194	0.0249347611371624	-0.0013424460116484428	0.5194472769932923	-0.029257481225475064	17.237716523733944	-2.071725038632694	8.14612801406326
17.079168856086568	0.05075774870058384	-0.002834514263694276	0.7916905465714343	-0.046751562387304366	17.680389929400157	-2.16015105593321	8.146128004986194
17.11448773534176	0.08316551506547565	-0.004790014248823517	1.0442127410956283	-0.06423744504042772	18.10677143160254	-2.238311905338763	8.146127992296702
17.148504086787668	0.12286000610098793	-0.007280717092980126	1.289767252636818	-0.08240158562132985	18.543476989908267	-2.3121318965679256	8.14612797329489
17.17502681199958	0.15961004451856786	-0.009662888007608788	1.4814494098023419	-0.09733670048762592	18.900331961794222	-2.367948308725862	8.14612795115337
17.203497797741814	0.20471865703000489	-0.012670429611998846	1.6873360517004292	-0.1140463943350886	19.29799202191193	-2.4254120819970932	8.146127916266378
17.23369135609613	0.25896752227461856	-0.01639042098498368	1.906206990810237	-0.1324832744287259	19.735295188781503	-2.4830646897067434	8.146127859756687
17.27180058399767	0.33689966480665207	-0.02189840393604688	2.1841055196156653	-0.15676422320720598	20.30985229679972	-2.55081446037428	8.146127740322475
17.30810979942263	0.4210428522871128	-0.028025488456630977	2.4510278113299506	-0.18087832353654792	20.880613242913384	-2.610162805151531	8.146127537783194
17.34331768045545	0.5119125058582179	-0.03481631213640797	2.710819388871367	-0.20495963456705915	21.454396943981585	-2.6625729155527327	8.146127188606915
17.37361017404922	0.5973972073535824	-0.04134147417540902	2.9325921506032135	-0.22582971526046752	21.961247104380774	-2.703022800678939	8.146126673236019
17.40064595597365	0.6793160192841111	-0.04769562056276755	3.126665064057872	-0.24414313310475655	22.420762335929886	-2.7348622568123204	8.146125928020291
17.428840046625712	0.7702589244940112	-0.05484061294613877	3.323533415597253	-0.26256182809492146	22.904387778760984	-2.7632762351351765	8.146124681023315
17.461112664545308	0.8810579736879768	-0.06363978562514912	3.541710873254637	-0.28253170607690736	23.461618562538373	-2.7896051339312997	8.146122272554056
17.500157734051403	1.0243582596550214	-0.07511561391999713	3.7971414786109836	-0.3049703507504723	24.140229885659508	-2.812952914935109	8.146116841528587
17.535018142497886	1.160599876602671	-0.08607087442563352	4.018047229079792	-0.32324592600377844	24.748775034570848	-2.8262741316160147	8.14610766499208
17.57016654551776	1.3056071693137725	-0.09772492405815274	4.230887618049098	-0.33943092075568887	25.360943198048677	-2.832737054501557	8.146090668817848
17.596543783309343	1.419189378089927	-0.10681449859226923	4.379175177812464	-0.34939401539067855	25.815417059188857	-2.8331770172218613	8.146069137870194
17.62422255129534	1.5423802352533653	-0.11659962474222321	4.519377852407179	-0.35715298862923917	26.283696130991025	-2.8297810607520226	8.146033374226482
17.65277057982864	1.6732394619851902	-0.12687106294618378	4.645078005859215	-0.3618700732137804	26.754438301760004	-2.822358275455822	8.145974564177504
17.687658026163792	1.8376251237911039	-0.1395318354052892	4.774717317343324	-0.36314287316841376	27.311786189186826	-2.8082078877630074	8.145854390873001
17.724933424885624	2.0178159542175527	-0.15301529463850572	4.889642735933489	-0.35947324532681374	27.88585603636535	-2.7872945225155954	8.145629219769436
17.759419781172333	2.18798083487614	-0.16528936912729675	4.975222887948078	-0.35162598894183106	28.395235179847774	-2.7630011208771026	8.145274050342948
17.792046994213933	2.3512991330938866	-0.1765840923118127	5.030757746561605	-0.33999939610097796	28.854935217564446	-2.736319207103974	8.144732493832912
17.817990248015448	2.4820937294506615	-0.18524874788127313	5.0474208429815315	-0.3274488024604777	29.203661213331905	-2.7132600427100315	8.144093235137843
17.84574383263851	2.6219917488119098	-0.19410849307826292	5.026173020735186	-0.31033270505855	29.559764949403334	-2.6874747340454403	8.143124476733814
17.87564054366973	2.771158953317364	-0.20305064802087028	4.9393595375929635	-0.28692252295786513	29.924434205968733	-2.658884779491571	8.141635012148042
17.913187367041523	2.9523711039947793	-0.21313060947420157	4.676510019017316	-0.24794438016187229	30.35753405172185	-2.6219182957088907	8.138856265479573
17.947711761946696	3.106312644504012	-0.22090618050561972	4.200582744505804	-0.20087406871870966	30.733714427143543	-2.586780004711823	8.135060329657032
17.98253796450475	3.2413010424764566	-0.22699081881456976	3.535422332430837	-0.14884285480741585	31.091894634491183	-2.550356212134872	8.12956969159803
18.01135278223516	3.3350698733889166	-0.23071509701562942	2.9825612397963077	-0.11091771287036008	31.371167677698168	-2.5199035690893528	8.123372545143566
18.037892917446076	3.4082547467621405	-0.23327662471592595	2.5467205737834737	-0.08331760619204996	31.61388868628581	-2.4920626798577006	8.116002814163407
18.065389553427934	3.4731221324059875	-0.2352567438807176	2.1867451585366755	-0.06179173335769135	31.850198881199706	-2.4637531972086095	8.106337437402704
18.097027596400153	3.5371383275961197	-0.23691228245730736	1.876987302173513	-0.04388983981918734	32.1030807380867	-2.4319296199161196	8.092164155299452
18.134463368277956	3.602344587144886	-0.238260590776343	1.624197774250346	-0.029028724130862504	32.37676223570249	-2.39500756975435	8.070336604396099
18.16835765038007	3.6546367237626978	-0.23906952561621347	1.4710343876874532	-0.019117078778571692	32.600826320254264	-2.3620018139043326	8.044951107320173
18.20250918725985	3.702940268340749	-0.2395813151655448	1.3639041627282513	-0.011118451931695788	32.802932736460264	-2.3292033798455862	8.013058417261691
18.22811357433323	3.7370585453431135	-0.23979955356562566	1.3033016868024914	-0.006046628408916083	32.93798087882551	-2.305138352832099	7.984468599213611
18.254961208023357	3.771328982015017	-0.23989854558908824	1.2512502332730473	-0.0014417036806992954	33.06365553165401	-2.2806091249382394	7.949769834754518
18.28272052315316	3.805417439072881	-0.23988026450083574	1.2060144616223683	0.002656705448738586	33.176037118203354	-2.2560928787403265	7.908437338449058
18.316171195092362	3.844978055694321	-0.23971870058086617	1.1609558491780878	0.006896143214010406	33.28783115110515	-2.2275438764251234	7.8507610471954585
18.351628831471128	3.8854539011826947	-0.23940296699676725	1.1238961585073477	0.010844379216235892	33.37877560773293	-2.198097037880525	7.779631686227658
18.384998749333214	3.9225092321722457	-0.2389831025008678	1.098410801920232	0.014291152455355506	33.439069845533446	-2.170870867437327	7.702738424217239
18.415447239403278	3.9556890718042204	-0.23850171093437297	1.081961376482676	0.01731011283444082	33.472971358932185	-2.146387365754034	7.6237264606742405
18.440355741153894	3.9825131421030857	-0.23804076471447858	1.0723588287257666	0.019684958771328594	33.48575542142393	-2.126689483653209	7.5525551152362755
18.466913070582454	4.010891095807989	-0.23748558296658623	1.0652614142410224	0.02210585932071312	33.48462054764805	-2.106078486849262	7.469976191587089
18.495075448827187	4.040824738448511	-0.23682821947180197	1.0611337847887732	0.024562724021592805	33.46701157769259	-2.0846194512989897	7.374623735053898
18.52974216597666	4.077598510034387	-0.23592541942436032	1.0615157092443537	0.027520443770358817	33.42280471765955	-2.0584899485387242	7.245862191760857
18.5615746858484	4.1114760984751735	-0.2350055400048441	1.068005643486911	0.030294160266568195	33.360986809775255	-2.0344017395560807	7.116117314935393
18.593403581438086	4.145656286005749	-0.2339950865057751	1.0807951652524777	0.033232793606682964	33.27930973880943	-2.0099159170731147	6.974865668863276
18.62273755759778	4.17760064841965	-0.23297816931422424	1.098008636532834	0.03613146134573497	33.18652278344157	-1.9868677298033175	6.834006550180232
18.647313054255928	4.204799971154133	-0.23205897434193937	1.1160389633229535	0.038693448868942444	33.09568652515154	-1.9671859896883643	6.707755138203479
18.673185593422676	4.233954916936474	-0.2310216872399995	1.1382285624759363	0.04151154825987396	32.98689047325715	-1.9460620222034024	6.5663718047892266
18.701469493596043	4.266533881516753	-0.2298022811854666	1.166119714276388	0.044743000049923515	32.852189341879395	-1.9223814621322168	6.401442476876753
18.735807431030487	4.307231058584562	-0.2281949842577876	1.2052611446524217	0.04892688115174565	32.66597755984358	-1.8925237341784282	6.185923142171684
18.76678735040457	4.345184338835624	-0.22661681581194418	1.2457517260750168	0.053010639608480827	32.4758761852525	-1.864195758836721	5.976308688173779
18.796684461643682	4.3830712393639635	-0.2249689867284025	1.2894790635380846	0.057277993858271314	32.271557097235274	-1.8352907720157623	5.759613613471908
18.822408034793533	4.416762717820365	-0.22344552405097565	1.3305203543316573	0.06120912916011335	32.0784403306734	-1.8090604123780518	5.561281619308845
18.846431834756086	4.449213194824841	-0.22192893914325898	1.371392666135371	0.06507793600170678	31.882802045983652	-1.7833994043580814	5.365693321311572
18.8712029666652	4.483730100107467	-0.220265574312381	1.4158477154415283	0.06925124752526243	31.6648144682582	-1.755714074020543	5.1531367654218565
18.898873854935154	4.523624520489064	-0.2182823635952974	1.4680890622390523	0.07412977550187563	31.400750704500723	-1.7231694245188343	4.902145008891361
18.92861420200522	4.568156612804678	-0.21599659384414163	1.5271207137804692	0.07962940509933888	31.091348924550843	-1.6860307502428646	4.615847955857549
18.957936526649785	4.613822588373529	-0.2135790294151835	1.5880803543983664	0.0853084775870076	30.758805690116482	-1.646973333194755	4.316223375388416
18.988458552129202	4.663297192987198	-0.21088170691373853	1.65425789915473	0.09147920707657217	30.38210997802319	-1.6035817608945886	3.9854696294941028
19.0110537914437	4.701244771477775	-0.20876167530155082	1.70484919733502	0.09619071786698913	30.08225266092077	-1.5696546486180203	3.7279104077111844
19.033561856742224	4.740195455715207	-0.20654299478513033	1.7563572244116676	0.1009644002899093	29.76499720226358	-1.5343641743373924	3.46039955911589
19.05643706690043	4.780979818105811	-0.20417753010111198	1.8095814948983053	0.10585262054159125	29.42275601891547	-1.496978934107792	3.177197721104213
19.08213026410391	4.828250003796781	-0.20138735582971357	1.8701173782820513	0.1113331300118372	29.01347913276649	-1.4531260388947287	2.8454020151609094
19.110846323076235	4.8829321068734215	-0.1981030957896663	1.9384584419882398	0.11739212262980538	28.523801061731326	-1.4017148598279343	2.4574098136256683
19.136830289311387	4.934110273714546	-0.19498250605161255	2.0008356498779065	0.12278514645134138	28.050821845500586	-1.352999657755481	2.0908322470900744
19.161031089121774	4.98323917960435	-0.19195127754217578	2.059315463688955	0.12769910647040253	27.584423980121244	-1.3058329873889412	1.736356547048529
19.17955758055021	5.0218065346709855	-0.18955148765017257	2.1041565116647796	0.13134556087611707	27.21016046292175	-1.2686632305261205	1.4566774024126474
19.198794616045056	5.062730701564227	-0.18698961933979502	2.150509391813151	0.1349695266867495	26.805260635687734	-1.2291925660296255	1.1589224361139916
19.2184743475745	5.105514502091548	-0.18429882538046372	2.197375299882098	0.13844483666290203	26.37337339714648	-1.18795956570375	0.8470540802875772
19.240915375495	5.155415875215044	-0.18115072753413522	2.2497409190458217	0.14205398994633728	25.858835906857355	-1.1399450925026862	0.48360792203586056
19.26329728701796	5.206341034796544	-0.1779349074315708	2.3005830978318302	0.14523206451059584	25.323128904447906	-1.0910900831867845	0.11522862268598073
19.282233500498904	5.250303506107874	-0.17516211480864896	2.342454822619722	0.1475676829669103	24.85422317752224	-1.0491568507096567	-0.19739579311151348
19.29701022816221	5.285153874333084	-0.17296961990951373	2.3743511444299754	0.1491440886105818	24.48023685631336	-1.0162127473139018	-0.438075021105874
19.312264118105023	5.3216179840464	-0.17068375746596795	2.4064562371087765	0.15051992077600407	24.089241077424997	-0.9821815064918301	-0.6780199187028181
19.327756016838517	5.359144565618037	-0.16834294643291745	2.438018771542233	0.15162657960031056	23.69085356607146	-0.9478156793373923	-0.9046041224633357
19.344835042368715	5.401069861153721	-0.16574556686374617	2.4712282340962606	0.15246101950311833	23.257282357149563	-0.9105123533376543	-1.1210994782260708
19.359470541529312	5.437435218672896	-0.16351129582163373	2.4979364025963893	0.15279705354074288	22.898383615002178	-0.8794214583682646	-1.2679823712902294
19.371663159724175	5.46801933619298	-0.16164821005127808	2.5186308983108594	0.1527599788130453	22.614173596859974	-0.8544353137403805	-1.3590851299299347
19.384302934344184	5.499980828446046	-0.15971940589554648	2.538347414698261	0.1523738558622945	22.338349894520263	-0.829651412504134	-1.4243870722576932
19.396235864652738	5.5303730585075215	-0.15790508311351062	2.555203521169794	0.15165308701566255	22.098431029431588	-0.8074575670261851	-1.4626300712950713
19.407650142844922	5.55962304137748	-0.15617964045348226	2.5696859092422732	0.15062055685483708	21.888914421391533	-0.7874071924792293	-1.4825682496681596
19.419555692716493	5.590298107912756	-0.15439464136470943	2.5830999602910083	0.1491767208718811	21.691384301920188	-0.7677480157044528	-1.4907113546745376
19.43186523148948	5.622171190614842	-0.1525695523429713	2.595204596331155	0.1472891584571482	21.508893836685253	-0.7487421276159337	-1.4897965852795576
19.44552254494287	5.657694870695344	-0.15057489589002138	2.606584928171383	0.14473103523571085	21.330361741383477	-0.7291441768739563	-1.481694501051815
19.459124447516025	5.693214233918184	-0.14862631227318218	2.615751090388253	0.14170680291918908	21.17488187725761	-0.7110597947530669	-1.4692397068626823
19.474123881912252	5.732508306334938	-0.14652915228448102	2.623155856642778	0.13783166670136363	21.0256251541041	-0.6926021739023583	-1.4528337028709704
19.489450922563957	5.7727503898607955	-0.14445059557464565	2.6273467458763022	0.13330102756243728	20.893153694586275	-0.6751468580290106	-1.4348117739111532
19.508130955837988	5.8218351662954655	-0.1420178560174675	2.6268438602516837	0.1270294362427635	20.75363889791701	-0.6555019644120869	-1.4125262706921677
19.527622869590317	5.872969420239277	-0.13961225486597287	2.618435384239305	0.11967051843020217	20.628008450902175	-0.6365906799560271	-1.3897922532259885
19.546897849080224	5.9232902720894405	-0.13738150881815292	2.601508265818503	0.11169127479582823	20.519124712068646	-0.6192033752648399	-1.3682473730481992
19.57086429700094	5.985276397519241	-0.13483091351375476	2.5693446674904954	0.1010482756224408	20.40017605095805	-0.5990657222264305	-1.3429321672903303
19.60439704406149	6.070451383234782	-0.131702900923264	2.508004094059368	0.08543685087825666	20.256825955625267	-0.572943386961856	-1.3101723092669402
19.63391802619241	6.143534658739869	-0.12938544395167453	2.441414051081884	0.0716005917903169	20.146228950934155	-0.5511109139079519	-1.2835727072389411
19.66216023387301	6.2114635076643925	-0.12754580174436106	2.3673891296163196	0.05878012014796365	20.04924147579981	-0.5306200887824614	-1.2596736000303903
19.689999782424092	6.27625037033222	-0.12607657284840088	2.2856782203141557	0.04692273345350665	19.959639556349178	-0.5105359920340004	-1.2372263533358454
19.722028130044546	6.347856488972544	-0.12477592696029233	2.184965797191662	0.03453697769408281	19.862835130374304	-0.4874540431435294	-1.2124182174964502
19.75460739116652	6.417329543852556	-0.12383473267901628	2.079643504642923	0.023526541407479142	19.770564052156782	-0.4637715319749451	-1.1880507808314567
19.78067815047936	6.470438979319245	-0.12332199548484307	1.9945146656812354	0.016006806767556916	19.70046980147432	-0.4444381618661541	-1.169055829836337
19.806966796517642	6.521739964183582	-0.12298762130089981	1.9084126235161558	0.009630109938877132	19.63264436144986	-0.42453351804549116	-1.1502661512703762
19.836541692449398	6.576758953796376	-0.12279229391219643	1.8125627297615383	0.0038024253931667413	19.55959361849406	-0.4017195397192143	-1.12948849918056
19.868493065039253	6.63305526359357	-0.12275248494523962	1.7118924004071023	-0.0010787346550901764	19.484459560420248	-0.3766474519709601	-1.1074158618231869
19.893220697885873	6.6744485103498405	-0.1228160605574193	1.6363892920325431	-0.003934885081591125	19.428806429829628	-0.35695430449029036	-1.0905772232023572
19.918462803903743	6.7148045754258625	-0.12294419686233692	1.5615178583283218	-0.006099658329624578	19.374041391845815	-0.3366195305533301	-1.0735899714856065
19.94772766390115	6.759269343349905	-0.12314955784008752	1.4778697901064288	-0.007804565290902171	19.313016103194002	-0.31280822915410483	-1.0541339532637635
19.97775295985826	6.802402976040684	-0.12340077802230584	1.3959482056889376	-0.008815910100301255	19.2530425614849	-0.28817204494972276	-1.0344271423251052
20.00134203346367	6.834600765600818	-0.123613581994181	1.3343385019431193	-0.009167216047541296	19.207670135932492	-0.2687066068560921	-1.0191201646356158
20.027447607761054	6.868574343818803	-0.12385382811623138	1.2689346950646956	-0.009179273402122013	19.15912975015826	-0.24708279657192636	-1.002354790575152
20.058252342566607	6.906522854001559	-0.12413161808811138	1.1955614909094765	-0.008792947119030892	19.10399731672266	-0.22148884712270758	-0.9828016387795195
20.08191213406689	6.934170817382066	-0.1243337704648706	1.1419541149244978	-0.008266205622008633	19.06313555897758	-0.2018039350504184	-0.9679496016159609
20.105679521686373	6.9606950830050485	-0.12452236751493201	1.0904149384503452	-0.007581360358965828	19.02330075994515	-0.1820304704983359	-0.9531723119316108
20.133622964101246	6.990351530387864	-0.12472121927308892	1.032701469927061	-0.006628899454109155	18.97793466645756	-0.15880695226657485	-0.9359775192735078
20.156762409745777	7.013717154140005	-0.1248646284534183	0.9871820495486243	-0.005756188994306028	18.94149764529009	-0.1396215534224652	-0.9218825861812378
20.179038117623488	7.035236604973185	-0.12498304371390191	0.9452142809234468	-0.004869839951805641	18.907325551629537	-0.12121719966925286	-0.9084344535125553
20.203721908025663	7.05801485145667	-0.12509081666636362	0.9007360009117621	-0.0038595000789375827	18.87043350621214	-0.1009266008835678	-0.8936680049534728
20.226098721287855	7.077735880599105	-0.12516686034993574	0.862163763889292	-0.0029376969238426053	18.837817982001884	-0.08266050065256152	-0.8804020871094754
20.247565349038787	7.095859780596629	-0.1252205094314654	0.8266351237827968	-0.002063437498535453	18.807218147365877	-0.06529043813464312	-0.8677808415884807
20.269984142396424	7.113989619523794	-0.12525674991438457	0.7909834883479572	-0.0011749014660946803	18.775930775032638	-0.04735708052213986	-0.8547067523790126
20.291555477954105	7.130694148117061	-0.12527318767840565	0.757995314773353	-0.00035601222877304375	18.746423513234372	-0.03035856101800153	-0.84222709144936
20.312545294774758	7.146277683562948	-0.1252726798079513	0.7270550725699313	0.0003963290430011363	18.718228799801537	-0.014122588287285557	-0.8301751670645767
20.33393706419164	7.161503244833004	-0.12525647206220059	0.6966202859207562	0.0011093707442637896	18.689974968268913	0.002053707790147094	-0.8179818555410427
20.353774142234634	7.175049957299575	-0.1252283524935903	0.6693191752753999	0.0017167107622646964	18.66416956982139	0.016671725035103467	-0.80675232201548
20.37465241916622	7.188731972139672	-0.12518635078302734	0.6414728281060394	0.002296401834711641	18.637380468118796	0.031617746915130716	-0.795010677297087
20.393831709449632	7.200795699696436	-0.12513764630256488	0.6166366996251644	0.002773573431403469	18.61307310303324	0.044921757550635065	-0.7842913086368882
20.41273951258134	7.212228627006565	-0.12508116817857248	0.5928015123423852	0.003191894637670072	18.58936481169194	0.05761949122075901	-0.7737833786433543
20.43438370193432	7.224770686776337	-0.1250074584200791	0.566256866989107	0.0036081288271121435	18.56250620203329	0.07163038705669673	-0.7618239252456964
20.46285047834389	7.240406301306246	-0.12489809831288375	0.5324642342398078	0.004056925996118825	18.527587378385306	0.08918766669735563	-0.7462007112910822
20.501992250316334	7.260368955492685	-0.12472997372260576	0.48790587886491066	0.004501601846241223	18.480216572668876	0.1116937760851295	-0.7249010208998466
20.553912186226267	7.284232272316098	-0.12448684936075964	0.43188990288891543	0.004814672829519427	18.41829228673543	0.1386256362168707	-0.6969418531312009
20.621171898899508	7.310972455599015	-0.12416030700781354	0.3641172873828737	0.004830195987502384	18.339186421053267	0.16867212164131726	-0.66116096253512
20.710517080971073	7.339775476730256	-0.1237464884568244	0.2822063658755126	0.00435853341197004	18.235427363937653	0.20062176676280616	-0.6143025068207985
20.837147887450275	7.3690274733868115	-0.12326486868253687	0.18344605365908662	0.003197147332391772	18.090757118677566	0.23215897369463354	-0.5491349065959725
21.00753174429874	7.391560477051267	-0.12285837378695802	0.08887882001263361	0.001648498401252285	17.904702912152402	0.2548646388094163	-0.4642254303656915
21.231239942504367	7.403674382190621	-0.12263226663342329	0.029603619678926617	0.0005531541428421308	17.691490730559426	0.2653752015727174	-0.35987720774008175
21.534736789422087	7.408468040425708	-0.12254298581987354	0.007553819369162702	0.00014008631241385145	17.47206911007012	0.2694246129028011	-0.2354243547547232
22.047359334992706	7.41021823666134	-0.12251057625184451	0.0013307098348679964	2.4627730372412015e-5	17.228368649063977	0.2718868739487968	-0.06779870850521809
22.91099058356096	7.410684544890687	-0.12250193545413095	0.00018077739782044246	3.359260990361483e-6	16.98811556283528	0.2735189051960643	0.1332885256148611
24.215556045358294	7.410779797305667	-0.12250016208017096	2.4219001772034254e-5	4.522616221276536e-7	16.782381172350583	0.27434112298893304	0.3358284623288674
26.00611786386535	7.410798332525581	-0.12249981549995219	3.7263557728860194e-6	6.980028401866861e-8	16.615641309044708	0.27452929347459026	0.520881587203206
28.36773905120619	7.410802332058656	-0.1224997405374963	6.657579195071879e-7	1.2486444767953214e-8	16.477968549787487	0.2743392610669538	0.68786264557664
