# problem=SEAS Benchmark BP5-QD
# code=Thrase
# modeler=B. A. Erickson
# date=2023/01/09
# element size=xx m
# location=on fault, z = 2011.6 km
# Lz = 80 km
# t slip_y slip_z slip_rate_y slip_rate_z shear_stress state
0.0	0.0	0.0	1.0e-9	1.0e-9	13.273061184881861	13.273061184881861	8.146128035678238
1.04925124221727e8	0.10492507125075669	5.765741771583963e-10	9.99998102061287e-10	2.0339767483345932e-17	19.490043964678716	3.9198668532811044e-7	8.146132172814221
2.1978551471556464e8	0.21978367809043364	2.0061978518164876e-8	9.999475270640111e-10	5.760479600705653e-16	19.490095876868743	1.0862449610183941e-5	8.146218108173567
2.8855831358820254e8	0.28854553119530196	1.404139803258028e-7	9.996426557798948e-10	3.928303742366144e-15	19.490404475464207	7.392483538368727e-5	8.146734675967092
3.390289241142621e8	0.33897697454033654	5.698999764479076e-7	9.985681258693168e-10	1.566160861931979e-14	19.49151139397296	0.00029494407226696075	8.148566674059506
3.8109289801528865e8	0.3809296559251648	1.7791062033594672e-6	9.956331154063756e-10	4.7143646812623524e-14	19.49466554916742	0.0008902900268210179	8.153636497993425
4.223537233663656e8	0.4218777505256348	5.101921125748877e-6	9.881505715721132e-10	1.2404864645428103e-13	19.503485382665044	0.002360351827915534	8.166919391704411
4.7862259685726106e8	0.476909631768149	1.7496464379056818e-5	9.651831708188824e-10	3.3629754010248796e-13	19.5361156013644	0.006564844306014042	8.209603587403903
5.415313358017743e8	0.5363855886270958	4.8649075088089224e-5	9.23688923770129e-10	6.59590946655408e-13	19.608466434074643	0.013524267127627495	8.287473772104606
6.435285086529702e8	0.6266126305524619	0.00014211574222069563	8.452107808963285e-10	1.1573501345376005e-12	19.76869911222331	0.02606257905754819	8.422020594046884
7.941185159651468e8	0.7457847720465137	0.0003605466099317396	7.417106647997612e-10	1.71108492784569e-12	20.014743582269812	0.043794308332059106	8.57283258433906
9.67279138777026e8	0.8663047461853184	0.0006990169563147065	6.563039772213938e-10	2.181907872797707e-12	20.243975312760767	0.062218269458016714	8.660749007796847
1.0506805336080757e9	0.9197975324585391	0.0008899631987859745	6.279076221810454e-10	2.4014121762158323e-12	20.289284134991274	0.07028026496831422	8.64249547959003
1.096006493630134e9	0.9479891430340228	0.0010019738048153417	6.166919606636961e-10	2.547954104030504e-12	20.25035437116141	0.07427453708144036	8.579166175123408
1.1206543375945075e9	0.9631376283578569	0.0010660729674038315	6.129515267048837e-10	2.6609344980694326e-12	20.16434220563449	0.0761391183172119	8.490117697301848
1.133612519715821e9	0.9710769571574134	0.0011011133029176115	6.128165314047344e-10	2.755285425313034e-12	20.05340109060484	0.07683042864882644	8.386906777038497
1.1401933843372421e9	0.9751138197386161	0.0011194924976588104	6.144015954027134e-10	2.8384325909350556e-12	19.93153061231515	0.07689945326280202	8.277175745744687
1.143468545371229e9	0.9771293720557327	0.0011289007592149955	6.167679219765639e-10	2.9148222064282903e-12	19.806201697076837	0.07665704582920774	8.165128514107304
1.1450859276329806e9	0.9781288259288771	0.0011336672790490934	6.194749209914743e-10	2.9872838179734795e-12	19.680557791626082	0.07626503480089983	8.052563783322643
1.1458831583761652e9	0.978623688488226	0.0011360736842043234	6.22327901264119e-10	3.0576018820775165e-12	19.555568464342866	0.07580270400617468	7.940055642772797
1.1462760432627187e9	0.9788686963451052	0.0011372870085105623	6.252450472840062e-10	3.1268836601458187e-12	19.431324041827242	0.07530767939730977	7.827684887881514
1.1464696204822466e9	0.9789899811942071	0.0011378981945913396	6.281942868266897e-10	3.1958164197257376e-12	19.307624582858537	0.0747974608740401	7.715366713795031
1.146564926697668e9	0.9790499768186448	0.001138205677057186	6.311646158564445e-10	3.2648278919223793e-12	19.1842212483223	0.07428003105924602	7.6029854292643035
1.1466117904024744e9	0.9790796172688979	0.0011383601115923087	6.341535925448232e-10	3.3341884256648374e-12	19.060894232265493	0.07375891519060637	7.490436037384838
1.1466347947551346e9	0.9790942360505656	0.001138437520462913	6.371618998278093e-10	3.4040712933142723e-12	18.937473018565115	0.07323559057618144	7.377636205943831
1.146646064473967e9	0.9791014317190904	0.0011384762331905851	6.4019119560193e-10	3.474591692150552e-12	18.81382976202576	0.07271060223667652	7.264522170134393
1.146651573384803e9	0.9791049658753864	0.0011384955470403212	6.43243331031203e-10	3.5458310437408756e-12	18.689867139918594	0.07218407538687346	7.151041916567122
1.1466542602468095e9	0.9791066978181603	0.001138505159279459	6.46320327063562e-10	3.617856755414171e-12	18.565498982158587	0.07165591177592676	7.037141734735852
1.1466555678895972e9	0.9791075447589871	0.0011385099320206642	6.494247525646216e-10	3.690740818595586e-12	18.44062597924452	0.07112582425431385	6.922747476463636
1.1466562031270168e9	0.9791079581731744	0.001138512297117155	6.525606988349025e-10	3.764587492040745e-12	18.315093195004188	0.07059322469976675	6.807728259489141
1.146656511386305e9	0.9791081597608369	0.001138513467731523	6.557358512874614e-10	3.839584786231635e-12	18.18860753605517	0.07005690825046637	6.691822710446255
1.1466566610594618e9	0.9791082581189878	0.0011385140474364007	6.589659415509869e-10	3.9161118721313124e-12	18.0605647606932	0.06951433839768795	6.574481711071832
1.146656734027242e9	0.9791083063083682	0.0011385143357062581	6.622846643502723e-10	3.994977324340438e-12	17.929667722696752	0.06896004232628761	6.454519373741468
1.1466567700115466e9	0.979108330195007	0.001138514480767847	6.657676935272363e-10	4.077996769665257e-12	17.79300660034837	0.06838173180821455	6.329270594388807
1.1466567882644413e9	0.9791083423776307	0.0011385145559303178	6.696012760502501e-10	4.169646105052549e-12	17.64344116001156	0.06774925965709533	6.192192106297798
1.1466567982525043e9	0.9791083490861722	0.0011385145980688423	6.74395087144427e-10	4.284611325100599e-12	17.457674438637806	0.06696431187770108	6.021931519086639
1.1466568044990277e9	0.979108353319094	0.001138514625321058	6.8226232492515e-10	4.474065163375424e-12	17.155837870508858	0.06569029937796658	5.745283783106198
1.1466568072324185e9	0.9791083551941672	0.001138514637796757	6.907328875027298e-10	4.679195820765819e-12	16.834930976259574	0.06433780077265916	5.451152234975628
1.1466568091053114e9	0.979108356497401	0.0011385146467934066	7.021148607516594e-10	4.95693327576168e-12	16.410059192861624	0.06255068446591788	5.061727166478504
1.1466568105916376e9	0.9791083575519389	0.0011385146544309545	7.183773963120025e-10	5.358184162051505e-12	15.814997368280535	0.06005507205446164	4.516311978045238
1.146656811861066e9	0.9791083584776671	0.001138514661577579	7.421745802703086e-10	5.9547823277868255e-12	14.968295366440634	0.05651986787487215	3.7402769022719555
1.1466568130136974e9	0.9791083593521741	0.0011385146689276008	7.782772856563154e-10	6.880788331753772e-12	13.734533422496789	0.051403977582859424	2.6098200858241727
1.1466568139197834e9	0.9791083600763497	0.0011385146756607621	8.233574196894307e-10	8.070960476085307e-12	12.272236315770165	0.04539961213901844	1.2754748830090015
1.1466568143957434e9	0.9791083604756904	0.0011385146797035152	8.558493016216365e-10	8.951662511646361e-12	11.266935166654493	0.04131308250639983	0.389411978821893
1.1466568147034333e9	0.979108360742746	0.001138514682560444	8.804251780808449e-10	9.631729152942596e-12	10.53073074792666	0.038345102520518294	-0.17186159007404078
1.1466568149703484e9	0.9791083609807361	0.0011385146852154304	9.028355985718997e-10	1.0264040108865702e-11	9.875620845372907	0.035724287359185265	-0.5031035960916718
1.146656815209576e9	0.9791083611990434	0.001138514687737418	9.219799251303226e-10	1.0813423143681141e-11	9.327584043447166	0.03354722682748533	-0.616086518371408
1.146656815485194e9	0.9791083614558921	0.0011385146907971844	9.412500273746408e-10	1.1374006922988357e-11	8.786635445247478	0.03141194689143846	-0.6113248509902934
1.1466568158730276e9	0.9791083618252653	0.001138514695335568	9.624072339596572e-10	1.1997385416587422e-11	8.204855148762425	0.0291307507820406	-0.518690095869141
1.1466568163936727e9	0.9791083623316285	0.0011385147017394725	9.810672365130238e-10	1.2554039512509139e-11	7.701843629967382	0.027171945133453775	-0.35520789846288825
1.1466568170587487e9	0.9791083629886599	0.0011385147102259078	9.929193273392667e-10	1.2911884598547226e-11	7.3867659567683965	0.025952469569726962	-0.13172417657923916
1.1466568179177914e9	0.9791083638438522	0.0011385147213860579	9.96779945063085e-10	1.3030204113152596e-11	7.2845819126067095	0.025559113204022193	0.1452785924141087
1.1466568189075654e9	0.9791083648306146	0.0011385147342883558	9.97015798759628e-10	1.3037317669020298e-11	7.278603369936075	0.025536138013649696	0.3741096556661123
1.1466568211350355e9	0.9791083670514799	0.0011385147633293348	9.970485656117033e-10	1.3037819835239837e-11	7.278416741833574	0.025535312446232587	0.6620692375744982
1.1466568253328943e9	0.9791083712370466	0.00113851481806126	9.970949789622124e-10	1.3038291735780184e-11	7.278474764206154	0.025535331739258187	0.9440154612836414
1.1466568333904386e9	0.9791083792715424	0.0011385149231215054	9.971843012021565e-10	1.3039195512314083e-11	7.2785922941865575	0.025535391100308554	1.2265504439505825
1.146656848892143e9	0.9791083947309402	0.0011385151252648316	9.973578228295648e-10	1.3040950868509878e-11	7.278820578922108	0.025535508304166992	1.509871399726873
1.1466568787686732e9	0.9791084245336015	0.0011385155149344739	9.976986769157358e-10	1.3044397828771377e-11	7.279268541560734	0.025535744468562754	1.7939740856001423
1.1466569364512727e9	0.9791084821030013	0.0011385162675668194	9.983821509677818e-10	1.3051305131149497e-11	7.280164960663567	0.025536241156795803	2.078851474422446
1.1466570480133617e9	0.9791085935629008	0.001138517724388219	9.998110639987611e-10	1.3065727360256843e-11	7.282031471716692	0.02553737457169258	2.3644965964662146
1.146657256539922e9	0.9791088023666568	0.00113852045212844	1.0029705424153103e-9	1.3097533830659855e-11	7.286124735116317	0.025540291079781164	2.6434502732897713
1.1466576083149574e9	0.979109156446829	0.0011385250721493308	1.0109052291817774e-9	1.3176993987977253e-11	7.296232584133223	0.02554954396826369	2.8986004687177127
1.1466578298470535e9	0.9791093813173525	0.0011385280004678037	1.020304122357804e-9	1.3270533739958418e-11	7.3079632060849296	0.02556279534806451	3.0057400557225655
1.1466579434311504e9	0.9791094976913145	0.0011385295125828853	1.0299259859695895e-9	1.3365822696318956e-11	7.319772830806567	0.025577715667373626	3.0518810602994555
1.1466580018730102e9	0.9791095581393277	0.0011385302962456927	1.0398881657279024e-9	1.3464103856226447e-11	7.331835434924983	0.02559383108511268	3.0738395159962626
1.1466580322727294e9	0.9791095898929476	0.0011385307069410246	1.050437781804348e-9	1.3567840418376003e-11	7.344456460973667	0.025611176160922105	3.0848372671467836
1.1466580485075328e9	0.979109607029968	0.00113853092803001	1.062153108303146e-9	1.3682690048931005e-11	7.358308458999954	0.025630488274249515	3.0905984322977806
1.1466580577915878e9	0.979109616949881	0.0011385310556360796	1.0768119532264268e-9	1.3825941154482561e-11	7.375417140639062	0.025654519085149114	3.093858992712156
1.146658064007434e9	0.9791096237075511	0.001138531142203003	1.1018518762665809e-9	1.4069577366227828e-11	7.404102392945729	0.02569496852094229	3.0960283963840607
1.146658066713233e9	0.979109626720686	0.0011385311805799394	1.1284996214807287e-9	1.4327404882864295e-11	7.433920313037104	0.025737025576606367	3.0969693775247005
1.1466580685607893e9	0.9791096288351526	0.0011385312073344917	1.1640831627523175e-9	1.4669303369982218e-11	7.472657508810803	0.025791493071778606	3.0976107229600536
1.1466580700236354e9	0.9791096305717691	0.0011385312291151593	1.2149922891215512e-9	1.515372294299438e-11	7.526067850943356	0.02586610222439106	3.0981178521428774
1.146658071270384e9	0.9791096321292804	0.0011385312484101383	1.2902270812416329e-9	1.585974969969735e-11	7.6010359950915785	0.025969685952353248	3.098549599347398
1.1466580723806455e9	0.9791096336194932	0.001138531266551897	1.404171788531841e-9	1.6908025707710096e-11	7.706636234561119	0.02611310804654304	3.0989337202415674
1.1466580734007025e9	0.9791096351345394	0.0011385312845431038	1.582174084558513e-9	1.8499646207393663e-11	7.855563460294146	0.02631001179384408	3.0992863337058307
1.146658074327661e9	0.979109636718175	0.0011385313027052638	1.8598054221523325e-9	2.0884565877718752e-11	8.05729767219304	0.026565677648632154	3.0996065165568516
1.1466580747954879e9	0.9791096376354786	0.001138531312868077	2.072101041701301e-9	2.263847889333597e-11	8.192172786230273	0.02672854473405367	3.099768020169634
1.1466580750667174e9	0.9791096382177406	0.0011385313191716463	2.2248991124410327e-9	2.3866226050685298e-11	8.280941310122174	0.026831218141961873	3.0998616268411467
1.146658075277231e9	0.9791096386996233	0.0011385313243023071	2.3538859250423198e-9	2.4879202763443248e-11	8.351232901991798	0.02690880643103048	3.099934265367488
1.1466580754421263e9	0.9791096390960762	0.0011385313284689488	2.4540130455253524e-9	2.565059194836801e-11	8.403174305442029	0.02696361116135813	3.0999911543473515
1.1466580756213021e9	0.9791096395450553	0.0011385313331354577	2.5561539307213015e-9	2.642515160649762e-11	8.454011123816958	0.027015289935744546	3.100052961841527
1.14665807585556e9	0.9791096401581423	0.0011385313394326638	2.6752499112433667e-9	2.7313797626689847e-11	8.510774837377523	0.02707084833927312	3.100133757018485
1.1466580761951864e9	0.9791096410918547	0.001138531348893686	2.8172916906971492e-9	2.835330321725074e-11	8.575247721854536	0.027130939345222507	3.100250866859585
1.14665807667588e9	0.9791096424833283	0.0011385313627896203	2.9620084296509236e-9	2.938511272558316e-11	8.637637248188232	0.027184719826509388	3.1004165653788585
1.1466580772777975e9	0.9791096443019291	0.0011385313807233122	3.0688520538152953e-9	3.0115307308010485e-11	8.681682298285471	0.027217019761521768	3.1006239617595677
1.146658077996604e9	0.9791096465307308	0.0011385314025142846	3.122195429126699e-9	3.044032194789511e-11	8.702934691869078	0.027224949612503522	3.1008715036204406
1.1466580789333534e9	0.9791096494638734	0.001138531431052818	3.1357378453422385e-9	3.0458213591807855e-11	8.70796412874109	0.02721439873802745	3.1011938888532917
1.146658080383866e9	0.9791096540175055	0.0011385314751720403	3.1429586068198763e-9	3.036979187490782e-11	8.710123451583307	0.027191657437998045	3.1016926154601623
1.1466580833369205e9	0.9791096633259843	0.0011385315644918989	3.163084079770141e-9	3.0098217306088534e-11	8.71572365448894	0.02713448624184971	3.102706191321439
1.1466580862903543e9	0.9791096727168982	0.001138531652703078	3.2007977204833544e-9	2.9569011313909464e-11	8.725444728774363	0.027048016365791187	3.1037175369107883
1.146658088185366e9	0.9791096788227721	0.0011385317081546303	3.248124003561063e-9	2.8882034608536245e-11	8.736958894325571	0.02695574754659984	3.1043652084547038
1.1466580896487696e9	0.9791096836193691	0.001138531749776466	3.313160381994075e-9	2.790827925321204e-11	8.75215703675491	0.026840726901683352	3.1048647061617847
1.146658090878874e9	0.9791096877469777	0.0011385317833044358	3.405602198136187e-9	2.6474387902871034e-11	8.772981992289846	0.02668782889351985	3.105284128686069
1.1466580919648278e9	0.9791096915120898	0.0011385318109812467	3.5393143510606813e-9	2.4306461257019996e-11	8.80190686615128	0.0264779544249323	3.1056540647166933
1.1466580929468205e9	0.9791096950756749	0.001138531833356839	3.733682489955535e-9	2.097033930184093e-11	8.841890317941221	0.026186257894325892	3.105988314622287
1.1466580937583714e9	0.9791096982001457	0.0011385318486617623	3.983907791211626e-9	1.636645866247846e-11	8.890286245899565	0.02582289779988244	3.1062643556405742
1.1466580945429897e9	0.9791097014622442	0.0011385318588127142	4.35981690701762e-9	8.808307148084282e-12	8.957398482560016	0.025281247089688607	3.1065310691971653
1.146658095010365e9	0.9791097035722396	0.0011385318613660008	4.685172934696498e-9	1.6851189812574372e-12	9.010909311519736	0.02480075138367369	3.106689865259442
1.1466580952629876e9	0.9791097047827536	0.0011385318611721938	4.903400966898487e-9	-3.3718729659067885e-12	9.044780251535286	0.02446476779931819	3.106775672539312
1.1466580954471688e9	0.9791097057017898	0.0011385318601700046	5.07750452100321e-9	-7.563266798225681e-12	9.070785032357595	0.024181241792586534	3.106838221868679
1.1466580955836668e9	0.9791097064037764	0.0011385318589175282	5.2078370873669755e-9	-1.0793567473977092e-11	9.089729495207457	0.023952897028031484	3.1068845718045393
1.146658095728273e9	0.979109707166621	0.0011385318571097134	5.3418810671958716e-9	-1.4200119571486108e-11	9.108802575454693	0.023696098703293037	3.1069336695451635
1.1466580959110072e9	0.9791097081575739	0.001138531854129904	5.5021288787220054e-9	-1.8387307696619452e-11	9.131127720754066	0.023348058851193346	3.1069957050359114
1.1466580961645815e9	0.9791097095791501	0.0011385318487583534	5.7068952258566865e-9	-2.3926942463957354e-11	9.159030637698814	0.022810355694383746	3.107081774875761
1.1466580965121334e9	0.9791097116072608	0.0011385318391892044	5.959124723435504e-9	-3.106242228747119e-11	9.192706698914646	0.02193258194011372	3.107199715431731
1.146658096976113e9	0.9791097144433082	0.0011385318226700132	6.260809047857807e-9	-4.008960951452545e-11	9.232495992490225	0.020405582036132353	3.1073571157169035
1.1466580975673044e9	0.9791097182521457	0.00113853179557259	6.624439502387674e-9	-5.1711641052305666e-11	9.28049858519805	0.01761634927715678	3.10755758838386
1.146658098264439e9	0.9791097230289815	0.0011385317541625758	7.0948091792601985e-9	-6.776433276323257e-11	9.342907430815956	0.012431154175564244	3.107793867587036
1.1466580986480212e9	0.979109725809082	0.0011385317260933425	7.4100928594095985e-9	-7.897074391719629e-11	9.38446462782806	0.008214418205059706	3.1079238198254706
1.1466580988476036e9	0.9791097273065477	0.001138531709663057	7.59893810199247e-9	-8.579511808971577e-11	9.409159839363237	0.005488680465509453	3.1079914200137915
1.1466580989877467e9	0.9791097283813603	0.0011385316972809558	7.740804815009396e-9	-9.094515528488716e-11	9.42776742543517	0.0033193532314183642	3.10803888132271
1.1466580990862327e9	0.9791097291487292	0.0011385316881426964	7.842579283512975e-9	-9.463047028430214e-11	9.441303221215295	0.0016601693949289502	3.1080722319636243
1.146658099192281e9	0.9791097299862429	0.0011385316778975475	7.95232285883206e-9	-9.857913969127945e-11	9.456194003624756	-0.0002563746632620808	3.108108140507761
1.1466580993258643e9	0.9791097310577422	0.0011385316644007331	8.089973521251884e-9	-1.0347931229325947e-10	9.47540279773177	-0.002872349415547315	3.108153368339038
1.1466580995094695e9	0.9791097325604239	0.0011385316447932896	8.278660484800025e-9	-1.1008042285233406e-10	9.502785307293609	-0.006862006107942787	3.1082155246546703
1.1466580997567682e9	0.9791097346393721	0.0011385316164873383	8.535550526469232e-9	-1.188255930312748e-10	9.542029893310355	-0.013032554367985692	3.108299229225678
1.1466581000605316e9	0.9791097372816231	0.0011385315787596332	8.86477096679728e-9	-1.2961643558423868e-10	9.595263296418448	-0.022044916024427274	3.1084020234309984
1.1466581004280517e9	0.9791097406184701	0.0011385315286325372	9.303593750496076e-9	-1.4336384337287204e-10	9.669797913517577	-0.0354655482714563	3.1085263603639115
1.1466581008933332e9	0.9791097450966845	0.0011385314574230091	9.972956621627266e-9	-1.634007289240682e-10	9.786292337827064	-0.05740780845260351	3.108683720636559
1.1466581014884853e9	0.9791097513620414	0.0011385313505627914	1.1163601201273011e-8	-1.9799535250095177e-10	9.987472495520738	-0.09629386408167748	3.1088849205635554
1.1466581019943643e9	0.9791097573721695	0.0011385312398572297	1.2706401738859068e-8	-2.4299937710123257e-10	10.225055321239466	-0.1426462261612879	3.1090558672219197
1.1466581024519274e9	0.9791097636421092	0.0011385311150480418	1.4855665046806389e-8	-3.076858807058608e-10	10.514534573490732	-0.19970752681236295	3.1092104287671813
1.146658102702951e9	0.9791097675712019	0.0011385310316004687	1.6519954460504712e-8	-3.5966678923102967e-10	10.712127168860247	-0.23927259060208494	3.1092951992940066
1.1466581028432713e9	0.9791097699669121	0.0011385309786531082	1.7652475434492522e-8	-3.9594924482726857e-10	10.836033779479525	-0.26427828503975703	3.109342577939209
1.1466581029423244e9	0.9791097717590642	0.0011385309380167264	1.8545967667256453e-8	-4.2502084702740085e-10	10.928747888767475	-0.2828981996484401	3.109376019075426
1.146658103022275e9	0.9791097732724667	0.0011385309030300995	1.9319811495320445e-8	-4.504646158846355e-10	11.005918756665292	-0.2981745495498917	3.1094030084256548
1.1466581031053185e9	0.9791097749117758	0.0011385308644654773	2.0167775267525037e-8	-4.785841511015876e-10	11.087530897644802	-0.31398560801521813	3.109431038268812
1.1466581031789153e9	0.9791097764247677	0.001138530828285322	2.0953176370844182e-8	-5.048162057638072e-10	11.16068465484682	-0.3277911946843485	3.1094558741654006
1.1466581032587497e9	0.9791097781326783	0.0011385307868043042	2.183893408832056e-8	-5.345853213602084e-10	11.240695645299875	-0.3424647680987328	3.1094828049106362
1.1466581033582006e9	0.9791097803614008	0.0011385307317190007	2.2990568148109642e-8	-5.735537773894821e-10	11.34122270255586	-0.3602771400387816	3.1095163205880096
1.146658103494799e9	0.9791097836147812	0.00113853064952572	2.466079279999001e-8	-6.305530483753315e-10	11.480893051034112	-0.38394954039352647	3.1095621821628643
1.146658103682887e9	0.9791097884826394	0.0011385305230244866	2.7135048130199754e-8	-7.159443163838672e-10	11.676439248414912	-0.4152688546283074	3.1096237546020706
1.1466581038289924e9	0.9791097925966138	0.00113853041321273	2.9200632394136573e-8	-7.881039237734616e-10	11.830103872362603	-0.43878884542557245	3.109665013590915
1.146658103929699e9	0.9791097956120383	0.0011385303312090903	3.0693433870559166e-8	-8.408692298320963e-10	11.935202727866901	-0.45467617562921536	3.1096796983380828
1.1466581040206208e9	0.9791097984656831	0.0011385302525094582	3.208443447281775e-8	-8.906098975619651e-10	12.028157152724416	-0.4688321029036856	3.109663930526658
1.1466581041255684e9	0.9791098019191798	0.0011385301559224167	3.3737785614142914e-8	-9.50511589990796e-10	12.132370790482822	-0.4849911857521727	3.1095553330244283
1.1466581042624042e9	0.9791098066874475	0.001138530020287133	3.59703125198319e-8	-1.0327395723801982e-9	12.262832172735234	-0.505843214667451	3.1090015394764596
1.146658104452804e9	0.9791098138436851	0.0011385298121296082	3.92321626895044e-8	-1.1554796366267255e-9	12.433199065616936	-0.5345885949742566	3.105772003671977
1.1466581047017875e9	0.9791098241746599	0.0011385295028008692	4.3820930063027956e-8	-1.3326808416415772e-9	12.631497246706719	-0.5718686735300741	3.0900378670439053
1.1466581049949043e9	0.9791098378821473	0.0011385290780796596	4.9836041518821054e-8	-1.571456148132741e-9	12.821066158328662	-0.6155930637314484	3.041813854416895
1.1466581052928464e9	0.9791098537539803	0.0011385285683434814	5.689615134483983e-8	-1.8591549009173485e-9	12.960386236409253	-0.6604850739246655	2.948535773703676
1.1466581054641356e9	0.9791098638905941	0.0011385282336958162	6.154396469663964e-8	-2.0521357221529545e-9	13.01512470851207	-0.6868029412240915	2.8708286191874817
1.1466581055644667e9	0.9791098702127802	0.0011385280216274682	6.451481490022849e-8	-2.1767393118805903e-9	13.038211816865527	-0.7024066492762014	2.816137253854563
1.1466581056290047e9	0.9791098744410197	0.0011385278784233808	6.653022935907213e-8	-2.2617255164664963e-9	13.049307126131705	-0.7124422115534319	2.77712832735354
1.1466581056876028e9	0.9791098783949246	0.0011385277435496226	6.8430332291236e-8	-2.3421139541340344e-9	13.05662032976126	-0.7214696945375596	2.7390019257676874
1.1466581057466629e9	0.9791098824946184	0.0011385276027569271	7.041161800877756e-8	-2.4261522222042485e-9	13.061150956803706	-0.7304164783330581	2.697882849358044
1.1466581058117373e9	0.9791098871496925	0.001138527441770791	7.26716632086592e-8	-2.522230642700456e-9	13.062675655146322	-0.7400409047542832	2.649350654913385
1.146658105893126e9	0.9791098931832342	0.0011385272314261223	7.561435990135159e-8	-2.647616911922958e-9	13.059238612207459	-0.7516717651428831	2.583730629617056
1.1466581059739654e9	0.9791098994183355	0.0011385270121656286	7.866593878675093e-8	-2.777933348688632e-9	13.049603821828239	-0.7626888412615835	2.512947442978707
1.1466581060351117e9	0.9791099043011616	0.001138526839195771	8.105773885837443e-8	-2.8802495591760214e-9	13.03792072632401	-0.7705935498130041	2.45557470939687
1.1466581061007278e9	0.979109909706263	0.0011385266465049279	8.370369683682219e-8	-2.9935868317129785e-9	13.020957563490178	-0.7786118545538354	2.3902290340511847
1.1466581061815066e9	0.9791099166031134	0.0011385263988824912	8.707583429373231e-8	-3.138208939167709e-9	12.993577463618754	-0.7877821066614542	2.3042662058393275
1.1466581062916665e9	0.9791099264580981	0.0011385260418990525	9.18881234638265e-8	-3.3448387279654274e-9	12.94434826891972	-0.7989963684811687	2.1768994342932806
1.1466581064505231e9	0.9791099416359013	0.0011385254855936053	9.92952009526857e-8	-3.6631537504582044e-9	12.84832666869049	-0.8124610109781437	1.9717153604298414
1.146658106574618e9	0.9791099543387493	0.0011385250146469668	1.0549570844611266e-7	-3.929646921919753e-9	12.751768850005185	-0.8206742299414144	1.7929111535138127
1.1466581066608593e9	0.9791099636308468	0.0011385246674114056	1.1002509353775329e-7	-4.1242967624854035e-9	12.672766578074409	-0.8251342196841662	1.65869998807051
1.14665810672738e9	0.9791099710694415	0.001138524387918472	1.1363924784846681e-7	-4.2796162296725594e-9	12.604712271598615	-0.8278422281202152	1.549476537834902
