0.0 0.0 -50.0 -50.0 -50.0 -50.0 -50.0 -50.0 -50.0 -50.0 -50.0 -40.0 -40.0 -40.0 -40.0 -40.0 -40.0 -40.0 -40.0 -40.0 -30.0 -30.0 -30.0 -30.0 -30.0 -30.0 -30.0 -30.0 -30.0 -20.0 -20.0 -20.0 -20.0 -20.0 -20.0 -20.0 -20.0 -20.0 -10.0 -10.0 -10.0 -10.0 -10.0 -10.0 -10.0 -10.0 -10.0 0.0 0.0 0.0 0.0 0.0 0.0 0.0 0.0 0.0 10.0 10.0 10.0 10.0 10.0 10.0 10.0 10.0 10.0 20.0 20.0 20.0 20.0 20.0 20.0 20.0 20.0 20.0 30.0 30.0 30.0 30.0 30.0 30.0 30.0 30.0 30.0 40.0 40.0 40.0 40.0 40.0 40.0 40.0 40.0 40.0 50.0 50.0 50.0 50.0 50.0 50.0 50.0 50.0 50.0 
0.0 0.0 0.0 5.0 10.0 15.0 20.0 25.0 30.0 35.0 40.0 0.0 5.0 10.0 15.0 20.0 25.0 30.0 35.0 40.0 0.0 5.0 10.0 15.0 20.0 25.0 30.0 35.0 40.0 0.0 5.0 10.0 15.0 20.0 25.0 30.0 35.0 40.0 0.0 5.0 10.0 15.0 20.0 25.0 30.0 35.0 40.0 0.0 5.0 10.0 15.0 20.0 25.0 30.0 35.0 40.0 0.0 5.0 10.0 15.0 20.0 25.0 30.0 35.0 40.0 0.0 5.0 10.0 15.0 20.0 25.0 30.0 35.0 40.0 0.0 5.0 10.0 15.0 20.0 25.0 30.0 35.0 40.0 0.0 5.0 10.0 15.0 20.0 25.0 30.0 35.0 40.0 0.0 5.0 10.0 15.0 20.0 25.0 30.0 35.0 40.0 
0.0	-9.0	0.0	0.0	0.0	0.0	0.0	0.0	0.0	0.0	0.0	0.0	0.0	0.0	0.0	0.0	0.0	0.0	0.0	0.0	0.0	0.0	0.0	0.0	0.0	0.0	0.0	0.0	0.0	0.0	0.0	0.0	0.0	0.0	0.0	0.0	0.0	0.0	0.0	0.0	0.0	0.0	0.0	0.0	0.0	0.0	0.0	0.0	0.0	0.0	0.0	0.0	0.0	0.0	0.0	0.0	0.0	0.0	0.0	0.0	0.0	0.0	0.0	0.0	0.0	0.0	0.0	0.0	0.0	0.0	0.0	0.0	0.0	0.0	0.0	0.0	0.0	0.0	0.0	0.0	0.0	0.0	0.0	0.0	0.0	0.0	0.0	0.0	0.0	0.0	0.0	0.0	0.0	0.0	0.0	0.0	0.0	0.0	0.0	0.0	0.0
1.514507337967835	0.05817725546320148	1.5431046484698726e-9	1.5255679369830846e-9	1.518352333590418e-9	1.5160959555808337e-9	1.5153139859422769e-9	1.514986347871371e-9	1.5145073379678347e-9	1.5145073379678347e-9	1.5145073379678347e-9	0.06129217284491646	1.5353458026055523e-9	1.5194757394337937e-9	1.5162247140207705e-9	1.5153226955151702e-9	1.514977131512142e-9	1.5145073379678347e-9	1.5145073379678347e-9	1.5145073379678347e-9	0.06128440187752907	1.5353092209918683e-9	1.5194495609216513e-9	1.5162037323861763e-9	1.5153047731311697e-9	1.514961949912463e-9	1.5145073379678347e-9	1.5145073379678347e-9	1.5145073379678347e-9	1.8359226758317748e-9	1.5254550998473865e-9	1.51826884256211e-9	1.5160286405951154e-9	1.5152570550481165e-9	1.5149388764825227e-9	1.5145073379678347e-9	1.5145073379678347e-9	1.5145073379678347e-9	1.6243550410161455e-9	1.5201254923931857e-9	1.5171728835096984e-9	1.5157858154605815e-9	1.5151835095458043e-9	1.5149074078225876e-9	1.5145073379678347e-9	1.5145073379678347e-9	1.5145073379678347e-9	1.561699436948333e-9	1.5175861211543856e-9	1.5163291766283669e-9	1.5155231953188202e-9	1.5150922432929939e-9	1.5148690040723465e-9	1.5145073379678347e-9	1.5145073379678347e-9	1.5145073379678347e-9	1.538518418121222e-9	1.5163265887861617e-9	1.5157542291108148e-9	1.515292172156026e-9	1.5149988689647826e-9	1.5148277886146285e-9	1.5145073379678347e-9	1.5145073379678347e-9	1.5145073379678347e-9	1.5282439418310735e-9	1.5156536463688417e-9	1.5153759115318098e-9	1.5151090857807217e-9	1.5149144887253902e-9	1.5147881728452978e-9	1.5145073379678347e-9	1.5145073379678347e-9	1.5145073379678347e-9	1.5153539439395268e-9	1.5152666889125805e-9	1.5151269287701639e-9	1.5149718106025188e-9	1.514844707936106e-9	1.5147537976933741e-9	1.5145073379678347e-9	1.5145073379678347e-9	1.5145073379678347e-9	1.5150581263890196e-9	1.5150306099482374e-9	1.5149623851995754e-9	1.5148735708444564e-9	1.5147919405336776e-9	1.514727482335415e-9	1.5145073379678347e-9	1.5145073379678347e-9	1.5145073379678347e-9	1.5145073379678347e-9	1.5145073379678347e-9	1.5145073379678347e-9	1.5145073379678347e-9	1.5145073379678347e-9	1.5145073379678347e-9	1.5145073379678347e-9	1.5145073379678347e-9	1.5145073379678347e-9
2.584485272865442	0.10075918210083215	2.685201456446043e-9	2.6230379482156463e-9	2.597845595435157e-9	2.5900047495645943e-9	2.5872892832723697e-9	2.586151081836304e-9	2.5844852728654416e-9	2.5844852728654416e-9	2.5844852728654416e-9	0.1359354696489337	2.6573574025816477e-9	2.6017413207902952e-9	2.590449947702694e-9	2.5873190415304086e-9	2.5861188473736732e-9	2.5844852728654416e-9	2.5844852728654416e-9	2.5844852728654416e-9	0.13590245098319645	2.657225582029357e-9	2.6016496172763486e-9	2.590376766357001e-9	2.587256582291048e-9	2.586065963736563e-9	2.5844852728654416e-9	2.5844852728654416e-9	2.5844852728654416e-9	3.903427081814805e-9	2.622639792431659e-9	2.5975537876109305e-9	2.5897700157702433e-9	2.5870908954672817e-9	2.585985731818187e-9	2.5844852728654416e-9	2.5844852728654416e-9	2.5844852728654416e-9	2.9892574210918298e-9	2.6040493312117493e-9	2.5937510274372136e-9	2.5889280861996085e-9	2.5868356459333034e-9	2.585876394639779e-9	2.5844852728654416e-9	2.5844852728654416e-9	2.5844852728654416e-9	2.752923893966951e-9	2.5952079851658764e-9	2.5908217415695697e-9	2.588016983348234e-9	2.5865188895925214e-9	2.5857430077075882e-9	2.5844852728654416e-9	2.5844852728654416e-9	2.5844852728654416e-9	2.669189922280329e-9	2.590822961922099e-9	2.5888240972903087e-9	2.5872149402658173e-9	2.5861947074845663e-9	2.5855998566583707e-9	2.5844852728654416e-9	2.5844852728654416e-9	2.5844852728654416e-9	2.6326920543821384e-9	2.5884792385220525e-9	2.5875087092258736e-9	2.5865788895670597e-9	2.5859016276326665e-9	2.585462244263693e-9	2.5844852728654416e-9	2.5844852728654416e-9	2.5844852728654416e-9	2.5874359624428944e-9	2.5871310704226566e-9	2.5866425064736028e-9	2.5861017192656206e-9	2.5856591650757402e-9	2.585342820775042e-9	2.5844852728654416e-9	2.5844852728654416e-9	2.5844852728654416e-9	2.5864045115097743e-9	2.5863083999761663e-9	2.5860698322450015e-9	2.5857601019768004e-9	2.5854757745520407e-9	2.5852513980311244e-9	2.5844852728654416e-9	2.5844852728654416e-9	2.5844852728654416e-9	2.5844852728654416e-9	2.5844852728654416e-9	2.5844852728654416e-9	2.5844852728654416e-9	2.5844852728654416e-9	2.5844852728654416e-9	2.5844852728654416e-9	2.5844852728654416e-9	2.5844852728654416e-9
3.4652130348056644	0.16499204771145354	3.683551029713274e-9	3.547706620242973e-9	3.4936818174445472e-9	3.476969068517075e-9	3.4711875863358663e-9	3.468763715415442e-9	3.465213034805663e-9	3.465213034805663e-9	3.465213034805663e-9	0.23467826541004885	3.6218717954007196e-9	3.5019724032078887e-9	3.477913001842009e-9	3.471249912881527e-9	3.4686946167545013e-9	3.465213034805663e-9	3.465213034805663e-9	3.465213034805663e-9	0.23459559048880427	3.621579026629213e-9	3.5017752467873587e-9	3.4777564912138384e-9	3.4711164792726468e-9	3.4685817023368698e-9	3.465213034805663e-9	3.465213034805663e-9	3.465213034805663e-9	7.02296685470046e-9	3.5468427807621366e-9	3.493056052721609e-9	3.476467183177414e-9	3.4707638004862305e-9	3.4684106945337207e-9	3.465213034805663e-9	3.465213034805663e-9	3.465213034805663e-9	4.3970998236277715e-9	3.5070025440971663e-9	3.484961278354071e-9	3.474677276669037e-9	3.4702207336149693e-9	3.4681778361520797e-9	3.465213034805663e-9	3.465213034805663e-9	3.465213034805663e-9	3.836492749582983e-9	3.4881114053786008e-9	3.4787237912148246e-9	3.472739319524218e-9	3.4695468131993935e-9	3.467893858388008e-9	3.465213034805663e-9	3.465213034805663e-9	3.465213034805663e-9	3.6490393519507283e-9	3.4787480008055192e-9	3.4744678945359353e-9	3.471032286361418e-9	3.468856883736319e-9	3.467589100584339e-9	3.465213034805663e-9	3.465213034805663e-9	3.465213034805663e-9	3.569115699608724e-9	3.473743022368005e-9	3.471663959908126e-9	3.4696777242722035e-9	3.468232903070239e-9	3.467296101301585e-9	3.465213034805663e-9	3.465213034805663e-9	3.465213034805663e-9	3.471516617510949e-9	3.4708635155331636e-9	3.4698166428938015e-9	3.468661002843074e-9	3.467716509281047e-9	3.4670418000444082e-9	3.465213034805663e-9	3.465213034805663e-9	3.465213034805663e-9	3.469312011057089e-9	3.4691062235929842e-9	3.4685949113202684e-9	3.4679328516140007e-9	3.4673258430164207e-9	3.466847125843907e-9	3.465213034805663e-9	3.465213034805663e-9	3.465213034805663e-9	3.465213034805663e-9	3.465213034805663e-9	3.465213034805663e-9	3.465213034805663e-9	3.465213034805663e-9	3.465213034805663e-9	3.465213034805663e-9	3.465213034805663e-9	3.465213034805663e-9
4.234400428538137	0.2595476299498768	4.6297074710275046e-9	4.3812131233844106e-9	4.284774595657267e-9	4.2551827931360034e-9	4.244964331929339e-9	4.240680394281738e-9	4.2344004285381335e-9	4.2344004285381335e-9	4.2344004285381335e-9	0.36821585349470104	4.515105354154823e-9	4.299441149951156e-9	4.256844576921718e-9	4.245072667561282e-9	4.240557486742568e-9	4.2344004285381335e-9	4.2344004285381335e-9	4.2344004285381335e-9	0.36804885936566295	4.514561046230795e-9	4.2990887159719364e-9	4.256566659654148e-9	4.244836080662834e-9	4.240357422417516e-9	4.2344004285381335e-9	4.2344004285381335e-9	4.2344004285381335e-9	1.3260364877231301e-8	4.379650479884083e-9	4.283659363936612e-9	4.254291880882961e-9	4.2442130031581655e-9	4.240054951181518e-9	4.2344004285381335e-9	4.2344004285381335e-9	4.2344004285381335e-9	6.0707161475211315e-9	4.308554630708036e-9	4.269342618327219e-9	4.251132665595383e-9	4.243254039596284e-9	4.239643409512676e-9	4.2344004285381335e-9	4.2344004285381335e-9	4.2344004285381335e-9	4.921472760018552e-9	4.274999580859611e-9	4.25831171233645e-9	4.247710778540978e-9	4.242064069285457e-9	4.239141704986213e-9	4.2344004285381335e-9	4.2344004285381335e-9	4.2344004285381335e-9	4.567291833016711e-9	4.2583926182352076e-9	4.2507836931403475e-9	4.244695125011932e-9	4.240845514183926e-9	4.238603311407088e-9	4.2344004285381335e-9	4.2344004285381335e-9	4.2344004285381335e-9	4.4207989080345955e-9	4.249519007207157e-9	4.245822300165699e-9	4.2423009344571704e-9	4.239743056443918e-9	4.2380856430486004e-9	4.2344004285381335e-9	4.2344004285381335e-9	4.2344004285381335e-9	4.245575258923485e-9	4.244414110810801e-9	4.242552501174625e-9	4.240503100706328e-9	4.2388304024299825e-9	4.2376363028563054e-9	4.2344004285381335e-9	4.2344004285381335e-9	4.2344004285381335e-9	4.241664535163609e-9	4.2412988597849385e-9	4.2403894890804205e-9	4.239215155473472e-9	4.238139827921983e-9	4.237292329908708e-9	4.2344004285381335e-9	4.2344004285381335e-9	4.2344004285381335e-9	4.2344004285381335e-9	4.2344004285381335e-9	4.2344004285381335e-9	4.2344004285381335e-9	4.2344004285381335e-9	4.2344004285381335e-9	4.2344004285381335e-9	4.2344004285381335e-9	4.2344004285381335e-9
4.931260785741957	0.39624416408631125	5.588977278010494e-9	5.169882166708028e-9	5.0124768057789644e-9	4.964712034955864e-9	4.94826336357758e-9	4.941370178603712e-9	4.931260785741953e-9	4.931260785741953e-9	4.931260785741953e-9	0.5506337617300147	5.392070132061203e-9	5.036154099714076e-9	4.967377350859503e-9	4.948434824504004e-9	4.941171196455154e-9	4.931260785741953e-9	4.931260785741953e-9	4.931260785741953e-9	0.5503333131938548	5.391137006028129e-9	5.035579002418024e-9	4.9669277839399146e-9	4.948052900155093e-9	4.94084852643957e-9	4.931260785741953e-9	4.931260785741953e-9	4.931260785741953e-9	3.108756809595387e-8	5.167291339113636e-9	5.0106637153171405e-9	4.963271466737269e-9	4.9470506229866825e-9	4.940361523572423e-9	4.931260785741953e-9	4.931260785741953e-9	4.931260785741953e-9	8.394147879499602e-9	5.051224549501383e-9	4.987573084800074e-9	4.958192329321341e-9	4.9455088549254964e-9	4.9396994389823216e-9	4.931260785741953e-9	4.931260785741953e-9	4.931260785741953e-9	6.109247923222333e-9	4.996832493080191e-9	4.9697942283646045e-9	4.952689609271404e-9	4.9435958822769925e-9	4.938892608642455e-9	4.931260785741953e-9	4.931260785741953e-9	4.931260785741953e-9	5.4845036840024045e-9	4.969985480124648e-9	4.957664145498846e-9	4.9478385162138845e-9	4.941636573338424e-9	4.938026835107175e-9	4.931260785741953e-9	4.931260785741953e-9	4.931260785741953e-9	5.236985031850917e-9	4.9556546682352104e-9	4.949669562580576e-9	4.9439857234129716e-9	4.939863435855417e-9	4.9371943360573485e-9	4.931260785741953e-9	4.931260785741953e-9	4.931260785741953e-9	4.9492933984853415e-9	4.947413799893806e-9	4.944400117625756e-9	4.941091675473008e-9	4.9383951967794355e-9	4.93647167000225e-9	4.931260785741953e-9	4.931260785741953e-9	4.931260785741953e-9	4.942977653886207e-9	4.942386119331904e-9	4.940913978598127e-9	4.9390179751524e-9	4.937284074859436e-9	4.9359184892692655e-9	4.931260785741953e-9	4.931260785741953e-9	4.931260785741953e-9	4.931260785741953e-9	4.931260785741953e-9	4.931260785741953e-9	4.931260785741953e-9	4.931260785741953e-9	4.931260785741953e-9	4.931260785741953e-9	4.931260785741953e-9	4.931260785741953e-9
5.578514271275465	0.5913618637463246	6.6300883234280525e-9	5.947737831141926e-9	5.702751427525288e-9	5.629548515009346e-9	5.604442823540935e-9	5.59393115269383e-9	5.57851427127546e-9	5.57851427127546e-9	5.57851427127546e-9	0.8010266711328287	6.302061039955562e-9	5.739098046921471e-9	5.6336038565388334e-9	5.604700086356148e-9	5.593625967464868e-9	5.57851427127546e-9	5.57851427127546e-9	5.57851427127546e-9	0.8005232755875569	6.300516539110733e-9	5.738205317052475e-9	5.632914062033912e-9	5.60411574982385e-9	5.593132888663387e-9	5.57851427127546e-9	5.57851427127546e-9	5.57851427127546e-9	1.1355431228185713e-7	5.943627624706221e-9	5.6999501048820675e-9	5.627339368471815e-9	5.602587604415521e-9	5.592389933015701e-9	5.57851427127546e-9	5.57851427127546e-9	5.57851427127546e-9	1.230282044503261e-8	5.762803912527442e-9	5.664573886160288e-9	5.619594980338964e-9	5.600238259773081e-9	5.591380690823426e-9	5.57851427127546e-9	5.57851427127546e-9	5.57851427127546e-9	7.544596716965959e-9	5.6789616945100355e-9	5.637377675610359e-9	5.611204753305968e-9	5.597323788192354e-9	5.590151303158569e-9	5.57851427127546e-9	5.57851427127546e-9	5.57851427127546e-9	6.4602483919138465e-9	5.63776178036284e-9	5.618839054515014e-9	5.603807327994404e-9	5.5943384076953264e-9	5.588832239809168e-9	5.57851427127546e-9	5.57851427127546e-9	5.57851427127546e-9	6.056643052791117e-9	5.6158114201945475e-9	5.606626005835589e-9	5.597931243239236e-9	5.591636174859159e-9	5.5875638420331945e-9	5.57851427127546e-9	5.57851427127546e-9	5.57851427127546e-9	5.606084382905923e-9	5.603200714638958e-9	5.598577525018088e-9	5.5935166714324905e-9	5.589398211064727e-9	5.5864627500443044e-9	5.57851427127546e-9	5.57851427127546e-9	5.57851427127546e-9	5.596418026805782e-9	5.595511313574176e-9	5.593253398170844e-9	5.590353151940955e-9	5.587704451022723e-9	5.585619956509331e-9	5.57851427127546e-9	5.57851427127546e-9	5.57851427127546e-9	5.57851427127546e-9	5.57851427127546e-9	5.57851427127546e-9	5.57851427127546e-9	5.57851427127546e-9	5.57851427127546e-9	5.57851427127546e-9	5.57851427127546e-9	5.57851427127546e-9
6.19090588861946	0.8676215902799461	7.852702234482905e-9	6.7475294783102565e-9	6.375165904696369e-9	6.266284894050741e-9	6.229167045759352e-9	6.213650960816185e-9	6.190905888619455e-9	6.190905888619455e-9	6.190905888619455e-9	1.1458135596731687	7.305652124214707e-9	6.429430312963696e-9	6.272265851874581e-9	6.2295408937052865e-9	6.2131981072720204e-9	6.190905888619455e-9	6.190905888619455e-9	6.190905888619455e-9	1.1450087645736275	7.303109284380889e-9	6.42808170277277e-9	6.271240131429433e-9	6.2286754399812156e-9	6.21246900870033e-9	6.190905888619455e-9	6.190905888619455e-9	6.190905888619455e-9	8.577759113681587e-7	6.741130129287556e-9	6.370959761024653e-9	6.263002263863114e-9	6.2264197581287754e-9	6.211372213629326e-9	6.190905888619455e-9	6.190905888619455e-9	6.190905888619455e-9	2.0779232774886567e-8	6.4657225030421485e-9	6.318325039466186e-9	6.251560847618572e-9	6.222954128766475e-9	6.209883519322001e-9	6.190905888619455e-9	6.190905888619455e-9	6.190905888619455e-9	9.504231194396056e-9	6.340019558586086e-9	6.277972537845903e-9	6.2391693878328654e-9	6.218656059753523e-9	6.208070886939668e-9	6.190905888619455e-9	6.190905888619455e-9	6.190905888619455e-9	7.575464582530059e-9	6.278675029056511e-9	6.250515628442066e-9	6.228246648956156e-9	6.214253511955554e-9	6.2061263345675056e-9	6.190905888619455e-9	6.190905888619455e-9	6.190905888619455e-9	6.9212029445581845e-9	6.246096282448045e-9	6.232446403910197e-9	6.219571272117222e-9	6.210268254673689e-9	6.204256531616993e-9	6.190905888619455e-9	6.190905888619455e-9	6.190905888619455e-9	6.231692974444235e-9	6.227410227212505e-9	6.220545865036539e-9	6.213054036732771e-9	6.206967486219359e-9	6.20263339162291e-9	6.190905888619455e-9	6.190905888619455e-9	6.190905888619455e-9	6.217372477008145e-9	6.2160275063582285e-9	6.21267661120022e-9	6.208384043358458e-9	6.204469380910465e-9	6.201391153426835e-9	6.190905888619455e-9	6.190905888619455e-9	6.190905888619455e-9	6.190905888619455e-9	6.190905888619455e-9	6.190905888619455e-9	6.190905888619455e-9	6.190905888619455e-9	6.190905888619455e-9	6.190905888619455e-9	6.190905888619455e-9	6.190905888619455e-9
6.7134693555203375	1.206069711601803	9.231682536360488e-9	7.507429538297894e-9	6.970980829652164e-9	6.818251094960661e-9	6.766578856364594e-9	6.745027469399964e-9	6.713469355520333e-9	6.713469355520333e-9	6.713469355520333e-9	1.5602826783831953	8.349091488290149e-9	7.047541851099788e-9	6.826565658491165e-9	6.767091330771669e-9	6.744395864241445e-9	6.713469355520333e-9	6.713469355520333e-9	6.713469355520333e-9	1.5590953248939436	8.345070129773285e-9	7.045617789698116e-9	6.825129604061998e-9	6.765885496274903e-9	6.743381980785924e-9	6.713469355520333e-9	6.713469355520333e-9	6.713469355520333e-9	1.2053196987359423e-5	7.497957895255798e-9	6.96502217187335e-9	6.8136591362258715e-9	6.7627517664088564e-9	6.741858916199127e-9	6.713469355520333e-9	6.713469355520333e-9	6.713469355520333e-9	4.1826298279068023e-8	7.099955831995742e-9	6.891113860851888e-9	6.797736459833201e-9	6.757940208832098e-9	6.739793151770222e-9	6.713469355520333e-9	6.713469355520333e-9	6.713469355520333e-9	1.2190942181877477e-8	6.921915506493572e-9	6.834671009701568e-9	6.7805032694732206e-9	6.751975123246377e-9	6.7372789481387086e-9	6.713469355520333e-9	6.713469355520333e-9	6.713469355520333e-9	8.791001577336594e-9	6.835813612693199e-9	6.7963683405692395e-9	6.765321441118501e-9	6.74586603248552e-9	6.734582288088627e-9	6.713469355520333e-9	6.713469355520333e-9	6.713469355520333e-9	7.770570369687752e-9	6.7902844891357706e-9	6.771203554205999e-9	6.753268419173803e-9	6.740336442553939e-9	6.731989523960944e-9	6.713469355520333e-9	6.713469355520333e-9	6.713469355520333e-9	6.770212182799588e-9	6.764230265255848e-9	6.7546467858175565e-9	6.744216542480992e-9	6.7357568922955365e-9	6.7297389629725115e-9	6.713469355520333e-9	6.713469355520333e-9	6.713469355520333e-9	6.750256499239192e-9	6.7483807009905745e-9	6.743705885348186e-9	6.737731918720714e-9	6.732291331573534e-9	6.728016788997698e-9	6.713469355520333e-9	6.713469355520333e-9	6.713469355520333e-9	6.713469355520333e-9	6.713469355520333e-9	6.713469355520333e-9	6.713469355520333e-9	6.713469355520333e-9	6.713469355520333e-9	6.713469355520333e-9	6.713469355520333e-9	6.713469355520333e-9
7.075317494197871	1.5128258071608636	1.0511516347576805e-8	8.096742436735167e-9	7.400299881162593e-9	7.206878704474381e-9	7.1419029833982205e-9	7.114863295877536e-9	7.075317494197865e-9	7.075317494197865e-9	7.075317494197865e-9	1.9357918402700904	9.238257504210568e-9	7.497845366040877e-9	7.217329991378732e-9	7.142540431906583e-9	7.1140688582179745e-9	7.075317494197865e-9	7.075317494197865e-9	7.075317494197865e-9	1.9342542149561688	9.232597777107634e-9	7.49537467052886e-9	7.215516395327979e-9	7.14102413411479e-9	7.112796114676292e-9	7.075317494197865e-9	7.075317494197865e-9	7.075317494197865e-9	0.0001442947758959624	8.084186738663465e-9	7.3926957402711585e-9	7.201083799129324e-9	7.137091276872749e-9	7.110886016365641e-9	7.075317494197865e-9	7.075317494197865e-9	7.075317494197865e-9	8.580571539019076e-8	7.565822440198542e-9	7.298973794524457e-9	7.18106143911173e-9	7.1310557948187845e-9	7.108296664200438e-9	7.075317494197865e-9	7.075317494197865e-9	7.075317494197865e-9	1.525015936769517e-8	7.338327268133834e-9	7.227673302998155e-9	7.159407626232366e-9	7.123575961051875e-9	7.105146242741273e-9	7.075317494197865e-9	7.075317494197865e-9	7.075317494197865e-9	9.880610607317396e-9	7.229259366733078e-9	7.1794183133303385e-9	7.140344456911598e-9	7.115917223758565e-9	7.101767791422984e-9	7.075317494197865e-9	7.075317494197865e-9	7.075317494197865e-9	8.453187607617744e-9	7.171828779385615e-9	7.147769522148446e-9	7.125218118674403e-9	7.108986093243111e-9	7.098519854784793e-9	7.075317494197865e-9	7.075317494197865e-9	7.075317494197865e-9	7.1465747454023105e-9	7.139037875514489e-9	7.12696937308391e-9	7.113862714889806e-9	7.103246580903991e-9	7.095700858472396e-9	7.075317494197865e-9	7.075317494197865e-9	7.075317494197865e-9	7.1214770755843485e-9	7.119116792727285e-9	7.113234216363e-9	7.105730408017449e-9	7.098903847346664e-9	7.093543998813979e-9	7.075317494197865e-9	7.075317494197865e-9	7.075317494197865e-9	7.075317494197865e-9	7.075317494197865e-9	7.075317494197865e-9	7.075317494197865e-9	7.075317494197865e-9	7.075317494197865e-9	7.075317494197865e-9	7.075317494197865e-9	7.075317494197865e-9
7.2913314209866025	1.7018377055956573	1.1481406679406994e-8	8.482673349133985e-9	7.665076186724637e-9	7.442066922669606e-9	7.367537260053405e-9	7.336572936021682e-9	7.2913314209865965e-9	7.2913314209865965e-9	7.2913314209865965e-9	2.2032528913244094	9.866915555359502e-9	7.778065990909134e-9	7.454056531362146e-9	7.368263919775624e-9	7.33566210096326e-9	7.2913314209865965e-9	7.2913314209865965e-9	7.2913314209865965e-9	2.2014902252321074	9.859941086933158e-9	7.775194773747588e-9	7.451971272133298e-9	7.366525405691428e-9	7.3342044898685954e-9	7.2913314209865965e-9	7.2913314209865965e-9	7.2913314209865965e-9	0.0008002743100940999	8.467830147378413e-9	7.6562761542929e-9	7.435407229453325e-9	7.362020914676207e-9	7.332018118888286e-9	7.2913314209865965e-9	7.2913314209865965e-9	7.2913314209865965e-9	1.502765968339435e-7	7.857753426147537e-9	7.54810023924721e-9	7.41243834648737e-9	7.3551103152858915e-9	7.329055147923857e-9	7.2913314209865965e-9	7.2913314209865965e-9	7.2913314209865965e-9	1.7997217194157318e-8	7.593740954284785e-9	7.466038007502134e-9	7.387612563963428e-9	7.346548011184246e-9	7.325450877214215e-9	7.2913314209865965e-9	7.2913314209865965e-9	7.2913314209865965e-9	1.0685096137360188e-8	7.467970180261355e-9	7.410611100594545e-9	7.3657686023983484e-9	7.337782405849513e-9	7.3215861822297606e-9	7.2913314209865965e-9	7.2913314209865965e-9	7.2913314209865965e-9	8.913903480305662e-9	7.401950553483516e-9	7.374305678836251e-9	7.348443147098409e-9	7.329850643934008e-9	7.317871083124604e-9	7.2913314209865965e-9	7.2913314209865965e-9	7.2913314209865965e-9	7.372975006876297e-9	7.364318804717446e-9	7.350464904069073e-9	7.335441062161524e-9	7.323283306976476e-9	7.314646853410615e-9	7.2913314209865965e-9	7.2913314209865965e-9	7.2913314209865965e-9	7.3441881526391486e-9	7.341479614038198e-9	7.334730534918434e-9	7.326131791151134e-9	7.318314793503151e-9	7.312180182926175e-9	7.2913314209865965e-9	7.2913314209865965e-9	7.2913314209865965e-9	7.2913314209865965e-9	7.2913314209865965e-9	7.2913314209865965e-9	7.2913314209865965e-9	7.2913314209865965e-9	7.2913314209865965e-9	7.2913314209865965e-9	7.2913314209865965e-9	7.2913314209865965e-9
7.432485676861045	1.7580121671481437	1.2232971165622981e-8	8.752116270715512e-9	7.842170230902119e-9	7.59725797362469e-9	7.515718902989665e-9	7.481884147048318e-9	7.432485676861039e-9	7.432485676861039e-9	7.432485676861039e-9	2.398113888736731	1.033058521581156e-8	7.966699432925722e-9	7.610379360336382e-9	7.516511056337625e-9	7.480888340005843e-9	7.432485676861039e-9	7.432485676861039e-9	7.432485676861039e-9	2.396222396308495	1.032262811563282e-8	7.963534265300976e-9	7.608095261072533e-9	7.514610154719742e-9	7.479295764044603e-9	7.432485676861039e-9	7.432485676861039e-9	7.432485676861039e-9	0.002363866315505431	8.735659740881599e-9	7.832496123389077e-9	7.589965530489432e-9	7.509687647501024e-9	7.476907687033828e-9	7.432485676861039e-9	7.432485676861039e-9	7.432485676861039e-9	2.315019397442013e-7	8.055299263694751e-9	7.71359203172007e-9	7.564833557642794e-9	7.502137138418368e-9	7.473671948209487e-9	7.432485676861039e-9	7.432485676861039e-9	7.432485676861039e-9	2.04127261494669e-8	7.763932565907992e-9	7.623583275998673e-9	7.537681894675417e-9	7.492783540671316e-9	7.469736371384594e-9	7.432485676861039e-9	7.432485676861039e-9	7.432485676861039e-9	1.1298340255440029e-8	7.625787139910938e-9	7.56287989901501e-9	7.513801000035353e-9	7.48320903639119e-9	7.465516757128214e-9	7.432485676861039e-9	7.432485676861039e-9	7.432485676861039e-9	9.242907587581796e-9	7.553440077266633e-9	7.523156916435914e-9	7.494866093273348e-9	7.474546218959416e-9	7.461460701799013e-9	7.432485676861039e-9	7.432485676861039e-9	7.432485676861039e-9	7.521733791300446e-9	7.512253473196927e-9	7.497088231430123e-9	7.480659698491421e-9	7.467374238902081e-9	7.457940749893752e-9	7.432485676861039e-9	7.432485676861039e-9	7.432485676861039e-9	7.490240466553248e-9	7.487275562601566e-9	7.479890648087673e-9	7.470490116817673e-9	7.461948772453846e-9	7.455248029518138e-9	7.432485676861039e-9	7.432485676861039e-9	7.432485676861039e-9	7.432485676861039e-9	7.432485676861039e-9	7.432485676861039e-9	7.432485676861039e-9	7.432485676861039e-9	7.432485676861039e-9	7.432485676861039e-9	7.432485676861039e-9	7.432485676861039e-9
7.526644375861207	1.7341653851867775	1.2798975566162362e-8	8.940544813747147e-9	7.962281784202651e-9	7.701502795455707e-9	7.614918820657524e-9	7.579022891409981e-9	7.5266443758612e-9	7.5266443758612e-9	7.5266443758612e-9	2.537471046895154	1.0667894084797521e-8	8.095231647777918e-9	7.715441222681463e-9	7.615758340553551e-9	7.577966236949836e-9	7.5266443758612e-9	7.5266443758612e-9	7.5266443758612e-9	2.5355184050237742	1.0659261351305878e-8	8.091857294137225e-9	7.713014665905042e-9	7.613741038804966e-9	7.576276941487862e-9	7.5266443758612e-9	7.5266443758612e-9	7.5266443758612e-9	0.004495065990539932	8.92302825925275e-9	7.951986565734963e-9	7.693757021422343e-9	7.60851846236806e-9	7.573744260629388e-9	7.5266443758612e-9	7.5266443758612e-9	7.5266443758612e-9	3.187130295096578e-7	8.19042493714338e-9	7.82529279713502e-9	7.667067234368746e-9	7.600508525449065e-9	7.570312943667026e-9	7.5266443758612e-9	7.5266443758612e-9	7.5266443758612e-9	2.2408785232076168e-8	7.87906226611292e-9	7.729536363154846e-9	7.638242006145887e-9	7.590586908130258e-9	7.566139813159209e-9	7.5266443758612e-9	7.5266443758612e-9	7.5266443758612e-9	1.1755320099092232e-8	7.731944609454416e-9	7.665026933519888e-9	7.612896592663591e-9	7.580431856240606e-9	7.561665720547745e-9	7.5266443758612e-9	7.5266443758612e-9	7.5266443758612e-9	9.476806081644398e-9	7.655029299979419e-9	7.6228433480426e-9	7.592805297713868e-9	7.57124447108464e-9	7.557365212440325e-9	7.5266443758612e-9	7.5266443758612e-9	7.5266443758612e-9	7.621357693064449e-9	7.611282355566587e-9	7.595172607761843e-9	7.57773408161674e-9	7.56363872184982e-9	7.553633256169792e-9	7.5266443758612e-9	7.5266443758612e-9	7.5266443758612e-9	7.587916425623211e-9	7.584766343207488e-9	7.576923762284347e-9	7.566946973991902e-9	7.557885504857916e-9	7.550778498406077e-9	7.5266443758612e-9	7.5266443758612e-9	7.5266443758612e-9	7.5266443758612e-9	7.5266443758612e-9	7.5266443758612e-9	7.5266443758612e-9	7.5266443758612e-9	7.5266443758612e-9	7.5266443758612e-9	7.5266443758612e-9	7.5266443758612e-9
7.620153780085679	1.73415533493714	1.3420825262176722e-8	9.135197576780764e-9	8.083227017186401e-9	7.805628919120594e-9	7.713726724820032e-9	7.675662415044174e-9	7.620153780085674e-9	7.620153780085674e-9	7.620153780085674e-9	2.683195146432253	1.1028185259938353e-8	8.225164595584174e-9	7.820431726956395e-9	7.714616591579255e-9	7.674541986991642e-9	7.620153780085674e-9	7.620153780085674e-9	7.620153780085674e-9	2.681219919235707	1.1018910888719967e-8	8.221574014276157e-9	7.817855939321947e-9	7.712477140883456e-9	7.672751181687434e-9	7.620153780085674e-9	7.620153780085674e-9	7.620153780085674e-9	0.007865838814814544	9.116717731660028e-9	8.072289689422248e-9	7.797408159001393e-9	7.706939006483494e-9	7.670066631876101e-9	7.620153780085674e-9	7.620153780085674e-9	7.620153780085674e-9	4.487277216876642e-7	8.32747261871724e-9	7.937318746486082e-9	7.769074898706838e-9	7.698445777717728e-9	7.666429848399254e-9	7.620153780085674e-9	7.620153780085674e-9	7.620153780085674e-9	2.4782724748112508e-8	7.994742232925615e-9	7.835476048635212e-9	7.738485551744656e-9	7.687926702848326e-9	7.662007130450229e-9	7.620153780085674e-9	7.620153780085674e-9	7.620153780085674e-9	1.22531829751839e-8	7.838105823798455e-9	7.76694627072041e-9	7.711597504241174e-9	7.677161120652892e-9	7.6572656656298e-9	7.620153780085674e-9	7.620153780085674e-9	7.620153780085674e-9	9.721749856748895e-9	7.756362420220987e-9	7.722167984273042e-9	7.690288938646837e-9	7.667422195518533e-9	7.652708330385332e-9	7.620153780085674e-9	7.620153780085674e-9	7.620153780085674e-9	7.720619578036827e-9	7.709915378419338e-9	7.692809865316741e-9	7.674307862897692e-9	7.659360473502652e-9	7.64875365452323e-9	7.620153780085674e-9	7.620153780085674e-9	7.620153780085674e-9	7.685125406909952e-9	7.681779478094508e-9	7.673454671899814e-9	7.662871347356458e-9	7.653262798376668e-9	7.645728685763637e-9	7.620153780085674e-9	7.620153780085674e-9	7.620153780085674e-9	7.620153780085674e-9	7.620153780085674e-9	7.620153780085674e-9	7.620153780085674e-9	7.620153780085674e-9	7.620153780085674e-9	7.620153780085674e-9	7.620153780085674e-9	7.620153780085674e-9
7.712634840432394	1.695581179375728	1.4102063175895823e-8	9.335586421622646e-9	8.204535216998433e-9	7.909214555455787e-9	7.811740607313872e-9	7.771409594266408e-9	7.712634840432392e-9	7.712634840432392e-9	7.712634840432392e-9	2.833601652621627	1.1412100624435836e-8	8.35601715997466e-9	7.924927220164666e-9	7.812683897992268e-9	7.770222856846321e-9	7.712634840432392e-9	7.712634840432392e-9	7.712634840432392e-9	2.8316676469887336	1.1402281724436774e-8	8.352206966224643e-9	7.922196482073469e-9	7.810417219562429e-9	7.76832627112216e-9	7.712634840432392e-9	7.712634840432392e-9	7.712634840432392e-9	0.012716398994931075	9.316334874094419e-9	8.19294457560118e-9	7.900500390844446e-9	7.804549375995169e-9	7.765483291721478e-9	7.712634840432392e-9	7.712634840432392e-9	7.712634840432392e-9	6.437245902428388e-7	8.46595886080212e-9	8.049226139181498e-9	7.870443486735556e-9	7.795550930710293e-9	7.761632058682848e-9	7.712634840432392e-9	7.712634840432392e-9	7.712634840432392e-9	2.7603522647953616e-8	8.110516963044377e-9	7.94097552261524e-9	7.838005709705891e-9	7.784407346582479e-9	7.756948793464558e-9	7.712634840432392e-9	7.712634840432392e-9	7.712634840432392e-9	1.2794002968234716e-8	7.94384136313835e-9	7.86822437306432e-9	7.809502655448569e-9	7.773003713863478e-9	7.75192820373626e-9	7.712634840432392e-9	7.712634840432392e-9	7.712634840432392e-9	9.977341952198914e-9	7.857027014777837e-9	7.820726883529681e-9	7.786920697468098e-9	7.762688541639941e-9	7.747102764080237e-9	7.712634840432392e-9	7.712634840432392e-9	7.712634840432392e-9	7.819115252937505e-9	7.807750855682415e-9	7.789602795932754e-9	7.769988433749957e-9	7.754150551430591e-9	7.742915608355886e-9	7.712634840432392e-9	7.712634840432392e-9	7.712634840432392e-9	7.781471884933026e-9	7.777920170271704e-9	7.76909081104058e-9	7.75787335950124e-9	7.747693172915411e-9	7.739712985790256e-9	7.712634840432392e-9	7.712634840432392e-9	7.712634840432392e-9	7.712634840432392e-9	7.712634840432392e-9	7.712634840432392e-9	7.712634840432392e-9	7.712634840432392e-9	7.712634840432392e-9	7.712634840432392e-9	7.712634840432392e-9	7.712634840432392e-9
7.8108806021834525	1.677715527696219	1.4906650447961464e-8	9.557537142507376e-9	8.335300098159486e-9	8.019925977878854e-9	7.9161858519499e-9	7.873311860677654e-9	7.810880602183449e-9	7.810880602183449e-9	7.810880602183449e-9	2.997539980084315	1.1853087874708424e-8	8.497677437227883e-9	8.036668015331762e-9	7.917190291369467e-9	7.87205126752183e-9	7.810880602183449e-9	7.810880602183449e-9	7.810880602183449e-9	2.9957568785857687	1.1842885514952802e-8	8.493631465001813e-9	8.033765130398595e-9	7.91478157902776e-9	7.87003648726375e-9	7.810880602183449e-9	7.810880602183449e-9	7.810880602183449e-9	0.01978183959126751	9.537797379689884e-9	8.3230050998914e-9	8.010663256955369e-9	7.908544071235213e-9	7.867016212199813e-9	7.810880602183449e-9	7.810880602183449e-9	7.810880602183449e-9	9.649271127806537e-7	8.616425063806723e-9	8.169353357880624e-9	7.97866523801285e-9	7.898978777185561e-9	7.862924818948832e-9	7.810880602183449e-9	7.810880602183449e-9	7.810880602183449e-9	3.1232337260838174e-8	8.235036901770027e-9	8.053856204580343e-9	7.944148021681123e-9	7.887134531590588e-9	7.857949685109878e-9	7.810880602183449e-9	7.810880602183449e-9	7.810880602183449e-9	1.3427197350411727e-8	8.05698939970642e-9	7.976345571894607e-9	7.913829852213183e-9	7.875015195334352e-9	7.852616389644628e-9	7.810880602183449e-9	7.810880602183449e-9	7.810880602183449e-9	1.0264320168645955e-8	7.964457481534938e-9	7.925788948426743e-9	7.889818019699232e-9	7.864053850635303e-9	7.847490602382275e-9	7.810880602183449e-9	7.810880602183449e-9	7.810880602183449e-9	7.924107995603117e-9	7.912000056853986e-9	7.892681210641205e-9	7.871818510740554e-9	7.854981976585224e-9	7.843043031272691e-9	7.810880602183449e-9	7.810880602183449e-9	7.810880602183449e-9	7.884050518420522e-9	7.880266808867754e-9	7.870871258305328e-9	7.85894254883207e-9	7.848121494978503e-9	7.839641424797698e-9	7.810880602183449e-9	7.810880602183449e-9	7.810880602183449e-9	7.810880602183449e-9	7.810880602183449e-9	7.810880602183449e-9	7.810880602183449e-9	7.810880602183449e-9	7.810880602183449e-9	7.810880602183449e-9	7.810880602183449e-9	7.810880602183449e-9
7.910937130211962	1.6476494977344576	1.582075272190484e-8	9.793570646019714e-9	8.470504202451162e-9	8.133386326319426e-9	8.022895109948706e-9	7.977288492256657e-9	7.910937130211957e-9	7.910937130211957e-9	7.910937130211957e-9	3.1640372315782277	1.2340287079132487e-8	8.64481000927701e-9	8.151245181946398e-9	8.023966867469934e-9	7.975949238468185e-9	7.910937130211957e-9	7.910937130211957e-9	7.910937130211957e-9	3.1625440512441876	1.2330042951374893e-8	8.640526473567648e-9	8.148159740923025e-9	8.02140647715156e-9	7.973808066083667e-9	7.910937130211957e-9	7.910937130211957e-9	7.910937130211957e-9	0.02921776763964833	9.773865781357909e-9	8.457493830788577e-9	8.123541247831525e-9	8.01477207425149e-9	7.970597829456345e-9	7.910937130211957e-9	7.910937130211957e-9	7.910937130211957e-9	1.4837674625175346e-6	8.773316346545366e-9	8.29302714907018e-9	8.089448600619607e-9	8.004597595631257e-9	7.966248881022738e-9	7.910937130211957e-9	7.910937130211957e-9	7.910937130211957e-9	3.57455326378965e-8	8.363493359647245e-9	8.169674889598621e-9	8.052689997091194e-9	7.992000353997086e-9	7.960960617595215e-9	7.910937130211957e-9	7.910937130211957e-9	7.910937130211957e-9	1.4140537555855538e-8	8.173096945743613e-9	8.087021645315887e-9	8.020417306350099e-9	7.979112004398724e-9	7.955291792405385e-9	7.910937130211957e-9	7.910937130211957e-9	7.910937130211957e-9	1.0573811350007356e-8	8.074387531074234e-9	8.033167499577142e-9	7.994867298890222e-9	7.967456589529008e-9	7.949843741777906e-9	7.910937130211957e-9	7.910937130211957e-9	7.910937130211957e-9	8.03141313892754e-9	8.018503151724974e-9	7.997925205124674e-9	7.97572070096332e-9	7.95781146580699e-9	7.945116776601957e-9	7.910937130211957e-9	7.910937130211957e-9	7.910937130211957e-9	7.988758423836776e-9	7.984724184270633e-9	7.974720239404992e-9	7.962027484402425e-9	7.950518293000086e-9	7.9415017012976e-9	7.910937130211957e-9	7.910937130211957e-9	7.910937130211957e-9	7.910937130211957e-9	7.910937130211957e-9	7.910937130211957e-9	7.910937130211957e-9	7.910937130211957e-9	7.910937130211957e-9	7.910937130211957e-9	7.910937130211957e-9	7.910937130211957e-9
8.008585646727672	1.581337379671018	1.6812722756467176e-8	1.0033831850852511e-8	8.60441283695836e-9	8.24479361314841e-9	8.127359215145855e-9	8.078949328598573e-9	8.008585646727662e-9	8.008585646727662e-9	8.008585646727662e-9	3.321481403115654	1.2855078470943961e-8	8.791181947640747e-9	8.263809440424137e-9	8.128501814096482e-9	8.077530151936567e-9	8.008585646727662e-9	8.008585646727662e-9	8.008585646727662e-9	3.320390885147237	1.2845312584330622e-8	8.786675142971016e-9	8.260539732648226e-9	8.125786919868347e-9	8.075259996223043e-9	8.008585646727662e-9	8.008585646727662e-9	8.008585646727662e-9	0.04075566495739761	1.0014892206401259e-8	8.590721249409714e-9	8.234359858806655e-9	8.118745815387313e-9	8.071855492784674e-9	8.008585646727662e-9	8.008585646727662e-9	8.008585646727662e-9	2.2854047789497416e-6	8.930039021107944e-9	8.41501473668533e-9	8.198109647551171e-9	8.107946403455446e-9	8.067242882807258e-9	8.008585646727662e-9	8.008585646727662e-9	8.008585646727662e-9	4.1114025181796436e-8	8.490457395062182e-9	8.283533310995492e-9	8.159044684662346e-9	8.094576641330096e-9	8.06163392413553e-9	8.008585646727662e-9	8.008585646727662e-9	8.008585646727662e-9	1.4909491264113283e-8	8.287254684122991e-9	8.195574518862123e-9	8.124762624130371e-9	8.080899433254395e-9	8.055621398537359e-9	8.008585646727662e-9	8.008585646727662e-9	8.008585646727662e-9	1.089332459470998e-8	8.182171412543474e-9	8.138326312293439e-9	8.097632742178298e-9	8.068532239756766e-9	8.04984323041875e-9	8.008585646727662e-9	8.008585646727662e-9	8.008585646727662e-9	8.136498046149494e-9	8.122761784437493e-9	8.100890722443993e-9	8.077308941163074e-9	8.058299435761226e-9	8.044830078012182e-9	8.008585646727662e-9	8.008585646727662e-9	8.008585646727662e-9	8.091175033200494e-9	8.086882370524462e-9	8.076254105203579e-9	8.062777577218891e-9	8.05056280987117e-9	8.040996357376704e-9	8.008585646727662e-9	8.008585646727662e-9	8.008585646727662e-9	8.008585646727662e-9	8.008585646727662e-9	8.008585646727662e-9	8.008585646727662e-9	8.008585646727662e-9	8.008585646727662e-9	8.008585646727662e-9	8.008585646727662e-9	8.008585646727662e-9
8.124681938238801	1.4851529976673536	1.8129124544892986e-8	1.0332237804755341e-8	8.766075287441707e-9	8.378091209054762e-9	8.251959622483431e-9	8.200047268981845e-9	8.12468193823879e-9	8.12468193823879e-9	8.12468193823879e-9	3.4989474499613022	1.351976926186296e-8	8.968713298423315e-9	8.398567643647943e-9	8.253193216308089e-9	8.198529297178914e-9	8.12468193823879e-9	8.12468193823879e-9	8.12468193823879e-9	3.4984679434600596	1.3511538664378275e-8	8.96396142325945e-9	8.39507248320043e-9	8.250286894523083e-9	8.196098926545021e-9	8.12468193823879e-9	8.12468193823879e-9	8.12468193823879e-9	0.05760432758358781	1.031548387256616e-8	8.751618552538776e-9	8.366935716969897e-9	8.242738440917444e-9	8.192452547526584e-9	8.12468193823879e-9	8.12468193823879e-9	8.12468193823879e-9	3.851540657082295e-6	9.121025507781037e-9	8.561676677847376e-9	8.327978810557652e-9	8.231158373854816e-9	8.187511279902185e-9	8.12468193823879e-9	8.12468193823879e-9	8.12468193823879e-9	4.9002168131399816e-8	8.643445378257142e-9	8.41994325991303e-9	8.2860232084806e-9	8.216823430912017e-9	8.181502362436675e-9	8.12468193823879e-9	8.12468193823879e-9	8.12468193823879e-9	1.5925614311564588e-8	8.42404733844216e-9	8.325314079937248e-9	8.249224698165243e-9	8.202160641700646e-9	8.175061074701386e-9	8.12468193823879e-9	8.12468193823879e-9	8.12468193823879e-9	1.129649052589723e-8	8.310946744903664e-9	8.26380879274937e-9	8.220117953899009e-9	8.188904355246398e-9	8.168871056636053e-9	8.12468193823879e-9	8.12468193823879e-9	8.12468193823879e-9	8.26189158574857e-9	8.24711713692857e-9	8.223627046689017e-9	8.198322338786224e-9	8.177937682751847e-9	8.163500867546445e-9	8.12468193823879e-9	8.12468193823879e-9	8.12468193823879e-9	8.21322736535192e-9	8.208609484776858e-9	8.197200186227504e-9	8.18274377299279e-9	8.169647445352397e-9	8.159394386504863e-9	8.12468193823879e-9	8.12468193823879e-9	8.12468193823879e-9	8.12468193823879e-9	8.12468193823879e-9	8.12468193823879e-9	8.12468193823879e-9	8.12468193823879e-9	8.12468193823879e-9	8.12468193823879e-9	8.12468193823879e-9	8.12468193823879e-9
8.279138212031548	1.3559947901478528	2.0125528018283904e-8	1.0750485415739078e-8	8.985131658075629e-9	8.556788865993244e-9	8.418373700012285e-9	8.361529011234492e-9	8.279138212031539e-9	8.279138212031539e-9	8.279138212031539e-9	3.7172471477973863	1.4495579107120794e-8	9.210618237815063e-9	8.579348142335655e-9	8.419739931705552e-9	8.35987380786154e-9	8.279138212031539e-9	8.279138212031539e-9	8.279138212031539e-9	3.717806053576045	1.4491736032078442e-8	9.205594900791542e-9	8.575545428413665e-9	8.416567148747985e-9	8.357219516091486e-9	8.279138212031539e-9	8.279138212031539e-9	8.279138212031539e-9	0.08549292251365434	1.0739547439695437e-8	8.969781743385832e-9	8.544645466529357e-9	8.408306021138662e-9	8.353234062561488e-9	8.279138212031539e-9	8.279138212031539e-9	8.279138212031539e-9	7.74675505379245e-6	9.382951593628831e-9	8.759464604904076e-9	8.501859594080048e-9	8.395627220090281e-9	8.347831364409334e-9	8.279138212031539e-9	8.279138212031539e-9	8.279138212031539e-9	6.266842772949927e-8	8.850366496346678e-9	8.603127628205496e-9	8.455818511974688e-9	8.379933363100776e-9	8.341260513113548e-9	8.279138212031539e-9	8.279138212031539e-9	8.279138212031539e-9	1.7466399935654908e-8	8.607797911076339e-9	8.499029413718513e-9	8.415465744605188e-9	8.363882698722438e-9	8.334216569913709e-9	8.279138212031539e-9	8.279138212031539e-9	8.279138212031539e-9	1.1873662130581022e-8	8.48330221492423e-9	8.431497272697098e-9	8.383569232812762e-9	8.349374537595578e-9	8.327447558370676e-9	8.279138212031539e-9	8.279138212031539e-9	8.279138212031539e-9	8.429464814389685e-9	8.413215237278403e-9	8.387435695580573e-9	8.35969836753518e-9	8.337374802791755e-9	8.321575411485631e-9	8.279138212031539e-9	8.279138212031539e-9	8.279138212031539e-9	8.376077180338974e-9	8.370996107607505e-9	8.35848336500449e-9	8.342644357089638e-9	8.328305464301987e-9	8.317085470114115e-9	8.279138212031539e-9	8.279138212031539e-9	8.279138212031539e-9	8.279138212031539e-9	8.279138212031539e-9	8.279138212031539e-9	8.279138212031539e-9	8.279138212031539e-9	8.279138212031539e-9	8.279138212031539e-9	8.279138212031539e-9	8.279138212031539e-9
8.494533995291606	1.1910872804148869	2.34072409055602e-8	1.1373324488883238e-8	9.297789807054253e-9	8.808419361631313e-9	8.651596377261585e-9	8.5873856298517e-9	8.4945339952916e-9	8.4945339952916e-9	8.4945339952916e-9	3.9892484679082845	1.6035806136398102e-8	9.558345552564322e-9	8.834140014371795e-9	8.65317009073202e-9	8.585529380878013e-9	8.4945339952916e-9	8.4945339952916e-9	8.4945339952916e-9	3.991753741084614	1.6044774104506766e-8	9.553103416558865e-9	8.829902088686722e-9	8.64960638032031e-9	8.582544235419889e-9	8.4945339952916e-9	8.4945339952916e-9	8.4945339952916e-9	0.1352613921826592	1.1378250855607888e-8	9.281566335294504e-9	8.794869199604292e-9	8.640285603789966e-9	8.578055666919165e-9	8.4945339952916e-9	8.4945339952916e-9	8.4945339952916e-9	2.0478323479884185e-5	9.763156702828109e-9	9.040186536929232e-9	8.746335696913136e-9	8.625968098967831e-9	8.57196680998447e-9	8.4945339952916e-9	8.4945339952916e-9	8.4945339952916e-9	8.985493868210813e-8	9.14527071713558e-9	8.861709568552484e-9	8.694166511330771e-9	8.608246065001936e-9	8.564559462439738e-9	8.4945339952916e-9	8.4945339952916e-9	8.4945339952916e-9	2.0024126130558954e-8	8.867311778746197e-9	8.743311786249942e-9	8.648484375138482e-9	8.59012284229831e-9	8.556617747377913e-9	8.4945339952916e-9	8.4945339952916e-9	8.4945339952916e-9	1.276054980331686e-8	8.72556036963753e-9	8.666707418855908e-9	8.612407932594687e-9	8.57374495625268e-9	8.548985857204277e-9	8.4945339952916e-9	8.4945339952916e-9	8.4945339952916e-9	8.664533670770142e-9	8.646047063180686e-9	8.61682016869699e-9	8.585430493206267e-9	8.560202493699488e-9	8.54236550442358e-9	8.4945339952916e-9	8.4945339952916e-9	8.4945339952916e-9	8.604041738847226e-9	8.598255519312807e-9	8.584082981131677e-9	8.566169675541169e-9	8.549969974286066e-9	8.537303987248973e-9	8.4945339952916e-9	8.4945339952916e-9	8.4945339952916e-9	8.4945339952916e-9	8.4945339952916e-9	8.4945339952916e-9	8.4945339952916e-9	8.4945339952916e-9	8.4945339952916e-9	8.4945339952916e-9	8.4945339952916e-9	8.4945339952916e-9
8.769051469502049	1.0102224013398462	2.8486056945108717e-8	1.2231512133643101e-8	9.70752436434483e-9	9.132903284128074e-9	8.950626992689024e-9	8.87626874517753e-9	8.76905146950204e-9	8.76905146950204e-9	8.76905146950204e-9	4.287169735265898	1.830907984201656e-8	1.001795363872705e-8	9.163068655940327e-9	8.952504562787939e-9	8.87414287646964e-9	8.76905146950204e-9	8.76905146950204e-9	8.76905146950204e-9	4.293177742234818	1.835197909212385e-8	1.0012840366505565e-8	9.158284397257228e-9	8.94841678958144e-9	8.870708748006142e-9	8.76905146950204e-9	8.76905146950204e-9	8.76905146950204e-9	0.2180991743724593	1.2275628366754087e-8	9.691143158539262e-9	9.117565765989713e-9	8.937647085216491e-9	8.865533391697712e-9	8.76905146950204e-9	8.76905146950204e-9	8.76905146950204e-9	7.031751363128824e-5	1.0273167843977373e-8	9.405886684017562e-9	9.061072907370258e-9	8.921078037044562e-9	8.85850494107763e-9	8.76905146950204e-9	8.76905146950204e-9	8.76905146950204e-9	1.4497369262261607e-7	9.53169794610882e-9	9.196318774918665e-9	9.000419366706233e-9	8.900565626782184e-9	8.849950309289176e-9	8.76905146950204e-9	8.76905146950204e-9	8.76905146950204e-9	2.4107238576828704e-8	9.20343117931658e-9	9.057920372111323e-9	8.947355930029176e-9	8.879587374712983e-9	8.840775741502382e-9	8.76905146950204e-9	8.76905146950204e-9	8.76905146950204e-9	1.4040517347933882e-8	9.037415527459209e-9	8.968671464581101e-9	8.905492309479934e-9	8.860632269511508e-9	8.831957968324133e-9	8.76905146950204e-9	8.76905146950204e-9	8.76905146950204e-9	8.966382690785096e-9	8.944735352065244e-9	8.910688103613394e-9	8.87421708174053e-9	8.844962991763628e-9	8.824308893457224e-9	8.76905146950204e-9	8.76905146950204e-9	8.76905146950204e-9	8.895982517680628e-9	8.889193939132972e-9	8.872702999879065e-9	8.85190593148416e-9	8.833127133989137e-9	8.818461447590111e-9	8.76905146950204e-9	8.76905146950204e-9	8.76905146950204e-9	8.76905146950204e-9	8.76905146950204e-9	8.76905146950204e-9	8.76905146950204e-9	8.76905146950204e-9	8.76905146950204e-9	8.76905146950204e-9	8.76905146950204e-9	8.76905146950204e-9
9.08852058723883	0.8367924022132198	3.573740455252009e-8	1.3316613547248702e-8	1.0198925997151721e-8	9.515400565970684e-9	9.300936257318865e-9	9.213790044709555e-9	9.088520587238817e-9	9.088520587238817e-9	9.088520587238817e-9	4.575379519261524	2.1399738189831752e-8	1.0574335703147274e-8	9.551303143599824e-9	9.303226880259646e-9	9.211336450972119e-9	9.088520587238817e-9	9.088520587238817e-9	9.088520587238817e-9	4.587225542234603	2.1521515883793254e-8	1.0570224886351014e-8	9.545930355599052e-9	9.298504481842236e-9	9.207347825815496e-9	9.088520587238817e-9	9.088520587238817e-9	9.088520587238817e-9	0.3441234651853752	1.344595221681652e-8	1.0184358615568914e-8	9.498092010491932e-9	9.285929852489436e-9	9.2013175125162e-9	9.088520587238817e-9	9.088520587238817e-9	9.088520587238817e-9	0.0002979873188457526	1.0903720547029536e-8	9.842244416869607e-9	9.431524713880237e-9	9.266536033074376e-9	9.19311433987303e-9	9.088520587238817e-9	9.088520587238817e-9	9.088520587238817e-9	2.580198889866165e-7	9.996398648801342e-9	9.592593531914716e-9	9.360123875417316e-9	9.242515054345442e-9	9.183122052403678e-9	9.088520587238817e-9	9.088520587238817e-9	9.088520587238817e-9	3.033791613122779e-8	9.602085706148155e-9	9.428496321944252e-9	9.297695351192764e-9	9.217938793490028e-9	9.172399635354796e-9	9.088520587238817e-9	9.088520587238817e-9	9.088520587238817e-9	1.5767559550905376e-8	9.40461703223331e-9	9.323055434427869e-9	9.248486422551702e-9	9.195731384668522e-9	9.162090990376869e-9	9.088520587238817e-9	9.088520587238817e-9	9.088520587238817e-9	9.32078852313415e-9	9.29500351188768e-9	9.254735824691956e-9	9.21175845716707e-9	9.177376538616144e-9	9.153147610089099e-9	9.088520587238817e-9	9.088520587238817e-9	9.088520587238817e-9	9.237659816162056e-9	9.229547676900656e-9	9.210067601951133e-9	9.18558016594777e-9	9.163515967320554e-9	9.146311136896869e-9	9.088520587238817e-9	9.088520587238817e-9	9.088520587238817e-9	9.088520587238817e-9	9.088520587238817e-9	9.088520587238817e-9	9.088520587238817e-9	9.088520587238817e-9	9.088520587238817e-9	9.088520587238817e-9	9.088520587238817e-9	9.088520587238817e-9
9.458632086599101	0.9962994444422819	4.602730191499864e-8	1.4683261796397718e-8	1.078617535914831e-8	9.964545324988555e-9	9.70963677054327e-9	9.606468312801957e-9	9.45863208659909e-9	9.45863208659909e-9	9.45863208659909e-9	4.844793924936484	2.5584594857227207e-8	1.1245762831175808e-8	1.0007841301487378e-8	9.712495042307549e-9	9.603623883002393e-9	9.45863208659909e-9	9.45863208659909e-9	9.45863208659909e-9	4.866298549946627	2.5881977953761215e-8	1.1244482116349502e-8	1.0001912557600033e-8	9.70702267280931e-9	9.59895927711527e-9	9.45863208659909e-9	9.45863208659909e-9	9.45863208659909e-9	0.5346184146719258	1.499125426053528e-8	1.0777605360123134e-8	9.94527557187474e-9	9.692225542057155e-9	9.591875267911281e-9	9.45863208659909e-9	9.45863208659909e-9	9.45863208659909e-9	0.0015924115808152648	1.1687712688035044e-8	1.0362058000410499e-8	9.86605017997037e-9	9.669317267808767e-9	9.58221561981902e-9	9.45863208659909e-9	9.45863208659909e-9	9.45863208659909e-9	5.202750292700308e-7	1.0555790816258051e-8	1.0060826363176693e-8	9.781114903553039e-9	9.640915797601611e-9	9.570435069835607e-9	9.45863208659909e-9	9.45863208659909e-9	9.45863208659909e-9	4.0333334386681236e-8	1.0074248859734017e-8	9.863731506377598e-9	9.706853173829706e-9	9.611830946675512e-9	9.557781819523974e-9	9.45863208659909e-9	9.45863208659909e-9	9.45863208659909e-9	1.815087805502384e-8	9.835842175600867e-9	9.737561189394858e-9	9.6483494324782e-9	9.585538452769334e-9	9.545609545136567e-9	9.45863208659909e-9	9.45863208659909e-9	9.45863208659909e-9	9.735655830571222e-9	9.704392029974299e-9	9.656048267945351e-9	9.604720243695807e-9	9.563806089842715e-9	9.535046176669494e-9	9.45863208659909e-9	9.45863208659909e-9	9.45863208659909e-9	9.636116842102246e-9	9.626231342665419e-9	9.602872633532687e-9	9.573650046748284e-9	9.547398113809336e-9	9.526971342035875e-9	9.45863208659909e-9	9.45863208659909e-9	9.45863208659909e-9	9.45863208659909e-9	9.45863208659909e-9	9.45863208659909e-9	9.45863208659909e-9	9.45863208659909e-9	9.45863208659909e-9	9.45863208659909e-9	9.45863208659909e-9	9.45863208659909e-9
9.896835693981838	1.299397373814783	6.093344004672697e-8	1.6445151010203214e-8	1.1504639905661246e-8	1.050414790985343e-8	1.0197275711827426e-8	1.0073563460182973e-8	9.896835693981827e-9	9.896835693981827e-9	9.896835693981827e-9	5.093418267365239	3.138757055167784e-8	1.2075922631158142e-8	1.0557261714815963e-8	1.0200951938159123e-8	1.0070253121110921e-8	9.896835693981827e-9	9.896835693981827e-9	9.896835693981827e-9	5.1313351874565605	3.208070491368789e-8	1.2081360553604986e-8	1.055096697500432e-8	1.0194602315497342e-8	1.0064755447965429e-8	9.896835693981827e-9	9.896835693981827e-9	9.896835693981827e-9	0.8320833780177683	1.713574128124543e-8	1.151100006755055e-8	1.0483331161079117e-8	1.017703077404972e-8	1.0056351767587132e-8	9.896835693981827e-9	9.896835693981827e-9	9.896835693981827e-9	0.009320249771220097	1.2701372700039622e-8	1.099799551455229e-8	1.038786721570389e-8	1.0149665890181073e-8	1.004485186117314e-8	9.896835693981827e-9	9.896835693981827e-9	9.896835693981827e-9	1.303485309128583e-6	1.125053129873613e-8	1.0628383982318395e-8	1.028548691149303e-8	1.0115678526981056e-8	1.0030800852217098e-8	9.896835693981827e-9	9.896835693981827e-9	9.896835693981827e-9	5.838429319082024e-8	1.0648831234197474e-8	1.0387573911221109e-8	1.0195882689847958e-8	1.0080811169111788e-8	1.0015685489856593e-8	9.896835693981827e-9	9.896835693981827e-9	9.896835693981827e-9	2.1675220435401065e-8	1.0355035561870065e-8	1.023400682769642e-8	1.0125290035544096e-8	1.0049258672328803e-8	1.0001129095310261e-8	9.896835693981827e-9	9.896835693981827e-9	9.896835693981827e-9	1.0233267072457287e-8	1.0194380115778363e-8	1.0135109762754247e-8	1.0072675627594956e-8	1.0023167521793516e-8	9.988489044956884e-9	9.896835693981827e-9	9.896835693981827e-9	9.896835693981827e-9	1.0111756076480441e-8	1.0099363638401367e-8	1.0070758425682997e-8	1.0035237436280259e-8	1.0003469124189133e-8	9.978825699977665e-9	9.896835693981827e-9	9.896835693981827e-9	9.896835693981827e-9	9.896835693981827e-9	9.896835693981827e-9	9.896835693981827e-9	9.896835693981827e-9	9.896835693981827e-9	9.896835693981827e-9	9.896835693981827e-9	9.896835693981827e-9	9.896835693981827e-9
10.354801849138488	1.694545805041272	7.981631277403103e-8	1.8448726317042795e-8	1.2281624304538783e-8	1.1077042076752746e-8	1.0711236898775808e-8	1.0564247333680001e-8	1.035480184913848e-8	1.035480184913848e-8	1.035480184913848e-8	5.292119828620332	3.847155863307779e-8	1.298393541972674e-8	1.1141771868541299e-8	1.0715979983247136e-8	1.0560463525259221e-8	1.035480184913848e-8	1.035480184913848e-8	1.035480184913848e-8	5.354506226833372	3.993305545579376e-8	1.3002114472715978e-8	1.1135625127291273e-8	1.0708771238164833e-8	1.0554074326378699e-8	1.035480184913848e-8	1.035480184913848e-8	1.035480184913848e-8	1.244393194236083	1.985674789807391e-8	1.2316840478070678e-8	1.1056035217788747e-8	1.0688178737946328e-8	1.0544224078315269e-8	1.035480184913848e-8	1.035480184913848e-8	1.035480184913848e-8	0.03683683464078119	1.3886502401143725e-8	1.1689068041791788e-8	1.0942225430200174e-8	1.0655847084089279e-8	1.0530680973626561e-8	1.035480184913848e-8	1.035480184913848e-8	1.035480184913848e-8	4.1869735886642765e-6	1.202229242772752e-8	1.12386520926236e-8	1.0819970870058094e-8	1.0615581269555849e-8	1.0514091230239667e-8	1.035480184913848e-8	1.035480184913848e-8	1.035480184913848e-8	9.138134608526738e-8	1.127059571387125e-8	1.0946121868017728e-8	1.0712727835354122e-8	1.0574159170551049e-8	1.049620555929333e-8	1.035480184913848e-8	1.035480184913848e-8	1.035480184913848e-8	2.6588076266840042e-8	1.0909217039600148e-8	1.0760196189302387e-8	1.0628163778334216e-8	1.0536608564956185e-8	1.0478953848904737e-8	1.035480184913848e-8	1.035480184913848e-8	1.035480184913848e-8	1.0762004756129289e-8	1.0713452314072878e-8	1.06408312235402e-8	1.0565142595296427e-8	1.0505529304720002e-8	1.046395887377397e-8	1.035480184913848e-8	1.035480184913848e-8	1.035480184913848e-8	1.0614013979965443e-8	1.0598383097511855e-8	1.056336849043154e-8	1.0520327217376594e-8	1.0482059673394146e-8	1.0452492319992007e-8	1.035480184913848e-8	1.035480184913848e-8	1.035480184913848e-8	1.035480184913848e-8	1.035480184913848e-8	1.035480184913848e-8	1.035480184913848e-8	1.035480184913848e-8	1.035480184913848e-8	1.035480184913848e-8	1.035480184913848e-8	1.035480184913848e-8
10.597230977161114	1.9311032195214222	9.127122341681209e-8	1.9577893355466112e-8	1.2704064244328635e-8	1.1384188189754008e-8	1.0985199271396734e-8	1.0825102603550913e-8	1.0597230977161106e-8	1.0597230977161106e-8	1.0597230977161106e-8	5.378376404132413	4.267442654359043e-8	1.3482129818663634e-8	1.1455710114196264e-8	1.0990617192257025e-8	1.0821080889286275e-8	1.0597230977161106e-8	1.0597230977161106e-8	1.0597230977161106e-8	5.457478127656507	4.47654183701514e-8	1.3510325984178632e-8	1.1449952347381923e-8	1.0982997241632176e-8	1.0814217430668252e-8	1.0597230977161106e-8	1.0597230977161106e-8	1.0597230977161106e-8	1.5134606648324684	2.1565961762414945e-8	1.2762124550058217e-8	1.1363919784018352e-8	1.0960770083895691e-8	1.0803578366976351e-8	1.0597230977161106e-8	1.0597230977161106e-8	1.0597230977161106e-8	0.06510568184899129	1.4582468615302719e-8	1.206766707466258e-8	1.1239828895782266e-8	1.0925687198396925e-8	1.0788906816037282e-8	1.0597230977161106e-8	1.0597230977161106e-8	1.0597230977161106e-8	8.988771778326493e-6	1.245465336507438e-8	1.1569989923485016e-8	1.1106334158284732e-8	1.0881913519079503e-8	1.0770905112448094e-8	1.0597230977161106e-8	1.0597230977161106e-8	1.0597230977161106e-8	1.2070403820527126e-7	1.1610487263295681e-8	1.124715104471753e-8	1.0989025692798314e-8	1.0836798997330263e-8	1.0751469330191003e-8	1.0597230977161106e-8	1.0597230977161106e-8	1.0597230977161106e-8	2.998203964026957e-8	1.1208314697574544e-8	1.1042281220833125e-8	1.0896446100730361e-8	1.0795849645020759e-8	1.0732702485777892e-8	1.0597230977161106e-8	1.0597230977161106e-8	1.0597230977161106e-8	1.1046224701855092e-8	1.0991646697545841e-8	1.0910964793114502e-8	1.0827440627206994e-8	1.0761933935580844e-8	1.0716379759191677e-8	1.0597230977161106e-8	1.0597230977161106e-8	1.0597230977161106e-8	1.0882430703083945e-8	1.0864752722464401e-8	1.0825870097320865e-8	1.0778381379239631e-8	1.0736316457694328e-8	1.070389545482302e-8	1.0597230977161106e-8	1.0597230977161106e-8	1.0597230977161106e-8	1.0597230977161106e-8	1.0597230977161106e-8	1.0597230977161106e-8	1.0597230977161106e-8	1.0597230977161106e-8	1.0597230977161106e-8	1.0597230977161106e-8	1.0597230977161106e-8	1.0597230977161106e-8
10.73473797710973	2.0207618443788835	9.825100740564189e-8	2.024050947638617e-8	1.2947300650989784e-8	1.155967885966789e-8	1.1141217563312262e-8	1.0973427734714e-8	1.0734737977109721e-8	1.0734737977109721e-8	1.0734737977109721e-8	5.4227379693189235	4.520980887881225e-8	1.3770490064388345e-8	1.1635277997518788e-8	1.1147058628830865e-8	1.096927683260278e-8	1.0734737977109721e-8	1.0734737977109721e-8	1.0734737977109721e-8	5.512679027145192	4.775089219908932e-8	1.3805639533140548e-8	1.1629861909960826e-8	1.1139224041597449e-8	1.0962145139745518e-8	1.0734737977109721e-8	1.0734737977109721e-8	1.0734737977109721e-8	1.6841770181447602	2.2642321436941537e-8	1.3021256252039355e-8	1.154015658015972e-8	1.1116061903479752e-8	1.095105245971242e-8	1.0734737977109721e-8	1.0734737977109721e-8	1.0734737977109721e-8	0.08682168638594011	1.5003917587919385e-8	1.2286941211557749e-8	1.1410052960655452e-8	1.1079381068853123e-8	1.093572659224698e-8	1.0734737977109721e-8	1.0734737977109721e-8	1.0734737977109721e-8	1.4759343049264877e-5	1.2708808310806115e-8	1.1760865106048269e-8	1.1269943587713555e-8	1.1033558526779974e-8	1.0916902493035829e-8	1.0734737977109721e-8	1.0734737977109721e-8	1.0734737977109721e-8	1.439073820692587e-7	1.1807200357151886e-8	1.1419790693891182e-8	1.1146678465514012e-8	1.0986276181719398e-8	1.0896560392529133e-8	1.0734737977109721e-8	1.0734737977109721e-8	1.0734737977109721e-8	3.226092544171778e-8	1.1380024913004104e-8	1.1203529064020806e-8	1.1049339058791724e-8	1.0943323997527312e-8	1.0876905090849996e-8	1.0734737977109721e-8	1.0734737977109721e-8	1.0734737977109721e-8	1.120899330562416e-8	1.1150655750278103e-8	1.1065037411065715e-8	1.0976774700137594e-8	1.0907733065080754e-8	1.0859802312845874e-8	1.0734737977109721e-8	1.0734737977109721e-8	1.0734737977109721e-8	1.1035584078022935e-8	1.1016619836373236e-8	1.0975369652635042e-8	1.0925190913319709e-8	1.088084578543137e-8	1.084671967824068e-8	1.0734737977109721e-8	1.0734737977109721e-8	1.0734737977109721e-8	1.0734737977109721e-8	1.0734737977109721e-8	1.0734737977109721e-8	1.0734737977109721e-8	1.0734737977109721e-8	1.0734737977109721e-8	1.0734737977109721e-8	1.0734737977109721e-8	1.0734737977109721e-8
10.833326812371373	2.007201788908372	1.0348145701099303e-7	2.072584021002302e-8	1.3123378699820771e-8	1.1686095855492322e-8	1.1253370678072693e-8	1.107994430691837e-8	1.0833326812371366e-8	1.0833326812371366e-8	1.0833326812371366e-8	5.452798029089662	4.709920457346654e-8	1.397994246713827e-8	1.1764726426395066e-8	1.1259534978267911e-8	1.1075703844985577e-8	1.0833326812371366e-8	1.0833326812371366e-8	1.0833326812371366e-8	5.551165885434137	5.001245089373683e-8	1.4020722946437817e-8	1.1759616558190766e-8	1.1251556225150405e-8	1.1068380566162992e-8	1.0833326812371366e-8	1.0833326812371366e-8	1.0833326812371366e-8	1.8153333197193755	2.3469871359610302e-8	1.3210221613115867e-8	1.1667274040475804e-8	1.1227721029164383e-8	1.1056960101501425e-8	1.0833326812371366e-8	1.0833326812371366e-8	1.0833326812371366e-8	0.10533260836052886	1.531981096340288e-8	1.2446356888212015e-8	1.1532776283631013e-8	1.1189877687633968e-8	1.1041158737981659e-8	1.0833326812371366e-8	1.0833326812371366e-8	1.0833326812371366e-8	2.1742643844954954e-5	1.2895495750366809e-8	1.1899143078821543e-8	1.1387811967600262e-8	1.1142558887949783e-8	1.1021735173898178e-8	1.0833326812371366e-8	1.0833326812371366e-8	1.0833326812371366e-8	1.6481623986506988e-7	1.1950170669852315e-8	1.1544485170361933e-8	1.1260158549598471e-8	1.109368794753989e-8	1.1000730741914878e-8	1.0833326812371366e-8	1.0833326812371366e-8	1.0833326812371366e-8	3.409344263571908e-8	1.150414077216857e-8	1.1319741375311898e-8	1.1159304579691725e-8	1.1049264431799124e-8	1.098042489253824e-8	1.0833326812371366e-8	1.0833326812371366e-8	1.0833326812371366e-8	1.1326453669598724e-8	1.1265249946173062e-8	1.117591315317889e-8	1.1084109847239705e-8	1.1012441005702652e-8	1.0962750222522085e-8	1.0833326812371366e-8	1.0833326812371366e-8	1.0833326812371366e-8	1.1145830341929496e-8	1.112588146548968e-8	1.1082848665736808e-8	1.1030659857497242e-8	1.0984618887882141e-8	1.09492287251111e-8	1.0833326812371366e-8	1.0833326812371366e-8	1.0833326812371366e-8	1.0833326812371366e-8	1.0833326812371366e-8	1.0833326812371366e-8	1.0833326812371366e-8	1.0833326812371366e-8	1.0833326812371366e-8	1.0833326812371366e-8	1.0833326812371366e-8	1.0833326812371366e-8
10.911660896614501	1.985849523749356	1.077763705255644e-7	2.111770930529337e-8	1.326430889529273e-8	1.178690410924886e-8	1.13426607706139e-8	1.1164682103967235e-8	1.0911660896614492e-8	1.0911660896614492e-8	1.0911660896614492e-8	5.475742596958403	4.864471216656611e-8	1.41480227053499e-8	1.1868010792330182e-8	1.1349094415889597e-8	1.1160372497794535e-8	1.0911660896614492e-8	1.0911660896614492e-8	1.0911660896614492e-8	5.581209093656286	5.188660395190466e-8	1.4193693875105263e-8	1.1863183548659057e-8	1.1341007451100748e-8	1.1152897578947146e-8	1.0911660896614492e-8	1.0911660896614492e-8	1.0911660896614492e-8	1.9250190948630514	2.4164298500601415e-8	1.3362352568007426e-8	1.1768745012762908e-8	1.1316636164730548e-8	1.1141215235137279e-8	1.0911660896614492e-8	1.0911660896614492e-8	1.0911660896614492e-8	0.12195099777578398	1.5579762238851464e-8	1.2574402753366517e-8	1.1630705432622298e-8	1.1277859094329589e-8	1.1125032276016956e-8	1.0911660896614492e-8	1.0911660896614492e-8	1.0911660896614492e-8	3.0161624273311323e-5	1.3046683117221433e-8	1.2009904384360368e-8	1.1481814400583697e-8	1.1229334873286043e-8	1.1105126476456883e-8	1.0911660896614492e-8	1.0911660896614492e-8	1.0911660896614492e-8	1.8472265868372739e-7	1.2064987485888398e-8	1.1644133451694152e-8	1.1350601560847119e-8	1.117918070670811e-8	1.1083588175318088e-8	1.0911660896614492e-8	1.0911660896614492e-8	1.0911660896614492e-8	3.5687036890637646e-8	1.160338636393615e-8	1.1412452886744871e-8	1.1246891911000524e-8	1.1133566410795906e-8	1.1062757160760969e-8	1.0911660896614492e-8	1.0911660896614492e-8	1.0911660896614492e-8	1.142025806411313e-8	1.135666838973417e-8	1.1264264405575764e-8	1.1169558374039517e-8	1.1095744362526305e-8	1.1044620370884085e-8	1.0911660896614492e-8	1.0911660896614492e-8	1.0911660896614492e-8	1.1233701069796586e-8	1.121293014229501e-8	1.1168427530197264e-8	1.1114590773370668e-8	1.106716441343465e-8	1.1030744123536193e-8	1.0911660896614492e-8	1.0911660896614492e-8	1.0911660896614492e-8	1.0911660896614492e-8	1.0911660896614492e-8	1.0911660896614492e-8	1.0911660896614492e-8	1.0911660896614492e-8	1.0911660896614492e-8	1.0911660896614492e-8	1.0911660896614492e-8	1.0911660896614492e-8
10.999098344831273	1.9939705214858379	1.1271937803459883e-7	2.1561758263088963e-8	1.3422707489935285e-8	1.1899813392658187e-8	1.1442517005104712e-8	1.1259378613741991e-8	1.0999098344831265e-8	1.0999098344831265e-8	1.0999098344831265e-8	5.500448803151737	5.041753426769398e-8	1.4337407600852875e-8	1.1983757009295825e-8	1.1449264956568069e-8	1.1254994098351684e-8	1.0999098344831265e-8	1.0999098344831265e-8	1.0999098344831265e-8	5.61426596169572	5.406398449854589e-8	1.4389001803524897e-8	1.197928878383313e-8	1.1441064288872993e-8	1.124735065949953e-8	1.0999098344831265e-8	1.0999098344831265e-8	1.0999098344831265e-8	2.053391626983752	2.4981485949082113e-8	1.3534323357062382e-8	1.1882511495416274e-8	1.1416093505782055e-8	1.1235374579864772e-8	1.0999098344831265e-8	1.0999098344831265e-8	1.0999098344831265e-8	0.14263458993828634	1.5880011304401014e-8	1.2718832040021515e-8	1.1740465018686485e-8	1.1376263675356774e-8	1.1218761735459328e-8	1.0999098344831265e-8	1.0999098344831265e-8	1.0999098344831265e-8	4.4337806218185696e-5	1.3218592305971175e-8	1.2134504699854914e-8	1.158711672766992e-8	1.1326376397826236e-8	1.1198311417059509e-8	1.0999098344831265e-8	1.0999098344831265e-8	1.0999098344831265e-8	2.1123380506458388e-7	1.219447730121927e-8	1.17559800841561e-8	1.1451852667761668e-8	1.127476750303934e-8	1.1176169144262861e-8	1.0999098344831265e-8	1.0999098344831265e-8	1.0999098344831265e-8	3.762861336235418e-8	1.1714846567457089e-8	1.1516342336568684e-8	1.1344887480305872e-8	1.1227800823407908e-8	1.1154743145112365e-8	1.0999098344831265e-8	1.0999098344831265e-8	1.0999098344831265e-8	1.1525478891821193e-8	1.1459106819587997e-8	1.1363156921204061e-8	1.126511404974239e-8	1.1188843407591701e-8	1.1136082310684665e-8	1.0999098344831265e-8	1.0999098344831265e-8	1.0999098344831265e-8	1.1332079273348744e-8	1.1310347235807788e-8	1.1264146159478711e-8	1.1208415059515905e-8	1.115940144768657e-8	1.112180364039152e-8	1.0999098344831265e-8	1.0999098344831265e-8	1.0999098344831265e-8	1.0999098344831265e-8	1.0999098344831265e-8	1.0999098344831265e-8	1.0999098344831265e-8	1.0999098344831265e-8	1.0999098344831265e-8	1.0999098344831265e-8	1.0999098344831265e-8	1.0999098344831265e-8
11.079569781151651	1.9508521202127818	1.1741030157229116e-7	2.197669898111354e-8	1.3569515195570636e-8	1.2004091152138255e-8	1.1534596405396152e-8	1.1346635424063116e-8	1.1079569781151652e-8	1.1079569781151652e-8	1.1079569781151652e-8	5.522404698944824	5.2094779965546273e-8	1.4513384568778444e-8	1.2090715888941628e-8	1.1541646831481402e-8	1.134218422441248e-8	1.1079569781151652e-8	1.1079569781151652e-8	1.1079569781151652e-8	5.6443075055945275	5.6151747541239145e-8	1.4570887560969343e-8	1.2086620771192486e-8	1.1533348513266642e-8	1.133438649778531e-8	1.1079569781151652e-8	1.1079569781151652e-8	1.1079569781151652e-8	2.1772500455957204	2.5776046982235953e-8	1.3694676389391547e-8	1.198769318437315e-8	1.1507825196213065e-8	1.1322138830925284e-8	1.1079569781151652e-8	1.1079569781151652e-8	1.1079569781151652e-8	0.1637768444020043	1.6166404825957888e-8	1.285320449867391e-8	1.1841908621263325e-8	1.1467016684484861e-8	1.1305126699261281e-8	1.1079569781151652e-8	1.1079569781151652e-8	1.1079569781151652e-8	6.433917863498253e-5	1.3379888349378817e-8	1.2250107617842134e-8	1.1684387473078294e-8	1.1415858418182099e-8	1.1284169403624177e-8	1.1079569781151652e-8	1.1079569781151652e-8	1.1079569781151652e-8	2.40551765336194e-7	1.231493491821896e-8	1.185950766595789e-8	1.1545320364346768e-8	1.1362889523407509e-8	1.1261463695638061e-8	1.1079569781151652e-8	1.1079569781151652e-8	1.1079569781151652e-8	3.958530921280774e-8	1.1818079555114277e-8	1.1612340332690146e-8	1.1435294088070182e-8	1.131465618072293e-8	1.1239481821418608e-8	1.1079569781151652e-8	1.1079569781151652e-8	1.1079569781151652e-8	1.1622810140724485e-8	1.1553761995581867e-8	1.1454431452913622e-8	1.1353225038166338e-8	1.1274634208651635e-8	1.122033092306912e-8	1.1079569781151652e-8	1.1079569781151652e-8	1.1079569781151652e-8	1.1422902022501168e-8	1.1400243383252608e-8	1.1352423865773289e-8	1.1294896956493315e-8	1.1244383619373238e-8	1.1205675791917996e-8	1.1079569781151652e-8	1.1079569781151652e-8	1.1079569781151652e-8	1.1079569781151652e-8	1.1079569781151652e-8	1.1079569781151652e-8	1.1079569781151652e-8	1.1079569781151652e-8	1.1079569781151652e-8	1.1079569781151652e-8	1.1079569781151652e-8	1.1079569781151652e-8
11.162811417886731	1.8755111063628664	1.2240839994664414e-7	2.2412319725270685e-8	1.3722424604475704e-8	1.211232898973498e-8	1.163002717562832e-8	1.1437002293174224e-8	1.1162811417886732e-8	1.1162811417886732e-8	1.1162811417886732e-8	5.544385861700593	5.387705246949098e-8	1.4697141864030304e-8	1.2201800092629417e-8	1.163740429803492e-8	1.1432484537692642e-8	1.1162811417886732e-8	1.1162811417886732e-8	1.1162811417886732e-8	5.675057507296131	5.840053455161911e-8	1.4761245393060507e-8	1.219813617261345e-8	1.1629012424498344e-8	1.1424528145935037e-8	1.1162811417886732e-8	1.1162811417886732e-8	1.1162811417886732e-8	2.3112999927387508	2.664448481126941e-8	1.3862721833759284e-8	1.209698782593454e-8	1.1602916992286332e-8	1.1411998358753665e-8	1.1162811417886732e-8	1.1162811417886732e-8	1.1162811417886732e-8	0.18789386253375798	1.6473536996831598e-8	1.299371466952062e-8	1.1947285074787054e-8	1.1561086255504823e-8	1.139456954568452e-8	1.1162811417886732e-8	1.1162811417886732e-8	1.1162811417886732e-8	9.617323058920434e-5	1.3549998070230182e-8	1.2370655101853407e-8	1.1785374553777931e-8	1.1508596426839749e-8	1.1373081917838191e-8	1.1162811417886732e-8	1.1162811417886732e-8	1.1162811417886732e-8	2.7701915211445307e-7	1.2440878622062343e-8	1.1967210774960986e-8	1.1642296509460037e-8	1.1454199069652692e-8	1.1349785674041157e-8	1.1162811417886732e-8	1.1162811417886732e-8	1.1162811417886732e-8	4.1801152113474126e-8	1.192554129813435e-8	1.1712039841352233e-8	1.1529036777233426e-8	1.1404632889359273e-8	1.1327220335255682e-8	1.1162811417886732e-8	1.1162811417886732e-8	1.1162811417886732e-8	1.1724001052800422e-8	1.165206446995311e-8	1.154911576665314e-8	1.1444541440679064e-8	1.1363489569503061e-8	1.1307554568105449e-8	1.1162811417886732e-8	1.1162811417886732e-8	1.1162811417886732e-8	1.1517141433265934e-8	1.14934805639638e-8	1.1443929967395497e-8	1.1384491516730645e-8	1.1332386827642673e-8	1.1292503780998433e-8	1.1162811417886732e-8	1.1162811417886732e-8	1.1162811417886732e-8	1.1162811417886732e-8	1.1162811417886732e-8	1.1162811417886732e-8	1.1162811417886732e-8	1.1162811417886732e-8	1.1162811417886732e-8	1.1162811417886732e-8	1.1162811417886732e-8	1.1162811417886732e-8
11.264194514285075	1.7708809574370614	1.286998592615534e-7	2.2951771174468557e-8	1.3910113294538735e-8	1.2244669395246577e-8	1.1746507242370932e-8	1.1547210404287802e-8	1.1264194514285073e-8	1.1264194514285073e-8	1.1264194514285073e-8	5.570232691598692	5.6114582290729496e-8	1.492335410011911e-8	1.233771062132801e-8	1.175430195588064e-8	1.154261513902254e-8	1.1264194514285073e-8	1.1264194514285073e-8	1.1264194514285073e-8	5.712141688168053	6.126904637206621e-8	1.4996208295278896e-8	1.2334637308703265e-8	1.1745806981144384e-8	1.1534466966245915e-8	1.1264194514285073e-8	1.1264194514285073e-8	1.1264194514285073e-8	2.482875111590725	2.7772036799162586e-8	1.4070482828021438e-8	1.223079121854422e-8	1.1719014341625074e-8	1.1521592067535265e-8	1.1264194514285073e-8	1.1264194514285073e-8	1.1264194514285073e-8	0.22053682773201053	1.686370566412398e-8	1.3166999331573062e-8	1.207624485620817e-8	1.1675925099399162e-8	1.150365080036185e-8	1.1264194514285073e-8	1.1264194514285073e-8	1.1264194514285073e-8	0.00016031914630898592	1.376189461410686e-8	1.2518841035032828e-8	1.1908885915680662e-8	1.1621790179464231e-8	1.1481509136015195e-8	1.1264194514285073e-8	1.1264194514285073e-8	1.1264194514285073e-8	3.3206904266668126e-7	1.259617608353765e-8	1.2099248383568374e-8	1.1760814475793013e-8	1.1565622879041549e-8	1.14574829894765e-8	1.1264194514285073e-8	1.1264194514285073e-8	1.1264194514285073e-8	4.47972980004731e-8	1.2057374381722583e-8	1.1834024460745768e-8	1.1643522332587518e-8	1.151440185779678e-8	1.143419528401387e-8	1.1264194514285073e-8	1.1264194514285073e-8	1.1264194514285073e-8	1.1847960903405857e-8	1.1772335644790423e-8	1.1664809758720583e-8	1.1555999378546201e-8	1.1471864648484828e-8	1.1413891395700748e-8	1.1264194514285073e-8	1.1264194514285073e-8	1.1264194514285073e-8	1.1632325173117383e-8	1.1607381775160524e-8	1.155564307106514e-8	1.149380093407484e-8	1.1439702109562659e-8	1.1398350033339676e-8	1.1264194514285073e-8	1.1264194514285073e-8	1.1264194514285073e-8	1.1264194514285073e-8	1.1264194514285073e-8	1.1264194514285073e-8	1.1264194514285073e-8	1.1264194514285073e-8	1.1264194514285073e-8	1.1264194514285073e-8	1.1264194514285073e-8	1.1264194514285073e-8
11.400875076313826	1.8500274236586862	1.375454268094654e-7	2.36947513194271e-8	1.416571271782963e-8	1.2423989498804821e-8	1.1903982682169213e-8	1.1696046265729624e-8	1.1400875076313831e-8	1.1400875076313831e-8	1.1400875076313831e-8	5.60362631141457	5.925163369752474e-8	1.523260561140312e-8	1.2522030857343318e-8	1.1912376230460815e-8	1.1691353163940706e-8	1.1400875076313831e-8	1.1400875076313831e-8	1.1400875076313831e-8	5.761657015175786	6.537826609473766e-8	1.5318585660135792e-8	1.2519874807683186e-8	1.190376243375557e-8	1.1682949376462389e-8	1.1400875076313831e-8	1.1400875076313831e-8	1.1400875076313831e-8	2.7283245639934086	2.9427803908045406e-8	1.4356198327565531e-8	1.241240846076332e-8	1.1876029920860729e-8	1.1669606847616584e-8	1.1400875076313831e-8	1.1400875076313831e-8	1.1400875076313831e-8	0.27063634874634523	1.742043879617832e-8	1.3404526525458261e-8	1.2251205813853098e-8	1.1831220590903643e-8	1.1650966180607191e-8	1.1400875076313831e-8	1.1400875076313831e-8	1.1400875076313831e-8	0.0003299149299384668	1.405630192600306e-8	1.272108866274256e-8	1.2076318137480069e-8	1.1774826723572145e-8	1.1627928590504012e-8	1.1400875076313831e-8	1.1400875076313831e-8	1.1400875076313831e-8	4.3110120467845445e-7	1.280900757033381e-8	1.227880442109997e-8	1.1921320614106986e-8	1.17162198193418e-8	1.1602899671052605e-8	1.1400875076313831e-8	1.1400875076313831e-8	1.1400875076313831e-8	4.943907929545281e-8	1.2236816360678808e-8	1.1999474314452564e-8	1.1798423192935338e-8	1.1662711798831944e-8	1.1578617377085867e-8	1.1400875076313831e-8	1.1400875076313831e-8	1.1400875076313831e-8	1.2016360949491762e-8	1.1935452811149387e-8	1.1821450165865753e-8	1.17066887281258e-8	1.1618245339274041e-8	1.1557433666394796e-8	1.1400875076313831e-8	1.1400875076313831e-8	1.1400875076313831e-8	1.1788334689722845e-8	1.1761550425635502e-8	1.1706719426307414e-8	1.1641501927999807e-8	1.1584615027885185e-8	1.154121552899729e-8	1.1400875076313831e-8	1.1400875076313831e-8	1.1400875076313831e-8	1.1400875076313831e-8	1.1400875076313831e-8	1.1400875076313831e-8	1.1400875076313831e-8	1.1400875076313831e-8	1.1400875076313831e-8	1.1400875076313831e-8	1.1400875076313831e-8	1.1400875076313831e-8
11.53891168800156	1.9014793967607533	1.4691550628648097e-7	2.4463794174368903e-8	1.4426890948064774e-8	1.260615921854805e-8	1.2063542437146585e-8	1.1846662797494591e-8	1.1538911688001568e-8	1.1538911688001568e-8	1.1538911688001568e-8	5.635855404715696	6.256653552950974e-8	1.555005251750036e-8	1.2709478253265864e-8	1.2072584763088705e-8	1.1841879310116653e-8	1.1538911688001568e-8	1.1538911688001568e-8	1.1538911688001568e-8	5.811293788743554	6.983489312144998e-8	1.5650963998141197e-8	1.2708399600134561e-8	1.2063876305285267e-8	1.1833221333986133e-8	1.1538911688001568e-8	1.1538911688001568e-8	1.1538911688001568e-8	2.9884774993445795	3.1279791551975197e-8	1.465164179367744e-8	1.2597302708638575e-8	1.2035195746332495e-8	1.1819404127372036e-8	1.1538911688001568e-8	1.1538911688001568e-8	1.1538911688001568e-8	0.32890844548988524	1.8022653387144416e-8	1.3649211623020857e-8	1.2429227956020233e-8	1.1988622041218082e-8	1.1800047311223658e-8	1.1538911688001568e-8	1.1538911688001568e-8	1.1538911688001568e-8	0.000702234435135455	1.4364622392297275e-8	1.2928354812225292e-8	1.2246515859935889e-8	1.1929898170657853e-8	1.177608830058774e-8	1.1538911688001568e-8	1.1538911688001568e-8	1.1538911688001568e-8	5.725392517464686e-7	1.3028216969817719e-8	1.246201867327642e-8	1.208428917558001e-8	1.1868763819368675e-8	1.1750024529024116e-8	1.1538911688001568e-8	1.1538911688001568e-8	1.1538911688001568e-8	5.497359483441039e-8	1.2420115987378061e-8	1.2167765385116743e-8	1.1955526917812063e-8	1.1812879178404267e-8	1.1724713201825019e-8	1.1538911688001568e-8	1.1538911688001568e-8	1.1538911688001568e-8	1.218798594681124e-8	1.2101360194434533e-8	1.1980444709274274e-8	1.1859382699172823e-8	1.1766404424173297e-8	1.1702617709222514e-8	1.1538911688001568e-8	1.1538911688001568e-8	1.1538911688001568e-8	1.1946762832840771e-8	1.1917982236674742e-8	1.1859856270069517e-8	1.179106744934081e-8	1.1731245094852073e-8	1.1685697726635486e-8	1.1538911688001568e-8	1.1538911688001568e-8	1.1538911688001568e-8	1.1538911688001568e-8	1.1538911688001568e-8	1.1538911688001568e-8	1.1538911688001568e-8	1.1538911688001568e-8	1.1538911688001568e-8	1.1538911688001568e-8	1.1538911688001568e-8	1.1538911688001568e-8
11.629640581663958	1.8665152833421121	1.533198984068389e-7	2.497967281954983e-8	1.4600245120019639e-8	1.272648817193462e-8	1.216870637918037e-8	1.194582795598955e-8	1.1629640581663964e-8	1.1629640581663964e-8	1.1629640581663964e-8	5.656310336165355	6.48287647187911e-8	1.5761568806000604e-8	1.2833405116862542e-8	1.2178200183759575e-8	1.1940989970608294e-8	1.1629640581663964e-8	1.1629640581663964e-8	1.1629640581663964e-8	5.8437804728237195	7.294464674145125e-8	1.587326942464992e-8	1.2833121770587534e-8	1.2169444231263687e-8	1.1932167352674737e-8	1.1629640581663964e-8	1.1629640581663964e-8	1.1629640581663964e-8	3.159829568166642	3.260709941042934e-8	1.484975642445248e-8	1.2719655461887126e-8	1.2140141707970966e-8	1.1918037017121836e-8	1.1629640581663964e-8	1.1629640581663964e-8	1.1629640581663964e-8	0.37170570591490365	1.8442619466185943e-8	1.381278008227019e-8	1.2546981390138093e-8	1.2092393568667533e-8	1.1898204220763243e-8	1.1629640581663964e-8	1.1629640581663964e-8	1.1629640581663964e-8	0.0011567333840214152	1.4573725837095478e-8	1.3066299359752466e-8	1.2359002678991559e-8	1.2032111401020773e-8	1.1873630501774078e-8	1.1629640581663964e-8	1.1629640581663964e-8	1.1629640581663964e-8	6.978141399089105e-7	1.3174754891005265e-8	1.2583504286389879e-8	1.2191892899221019e-8	1.1969280514037246e-8	1.1846874360244454e-8	1.1629640581663964e-8	1.1629640581663964e-8	1.1629640581663964e-8	5.9168961769045277e-8	1.2541777346484693e-8	1.2279056341681363e-8	1.20591611802517e-8	1.19117965076656e-8	1.182087308124082e-8	1.1629640581663964e-8	1.1629640581663964e-8	1.1629640581663964e-8	1.2301675932795293e-8	1.2211070028240404e-8	1.208539843978397e-8	1.1960030592506115e-8	1.1863968329529758e-8	1.1798165413329899e-8	1.1629640581663964e-8	1.1629640581663964e-8	1.1629640581663964e-8	1.2051386660805394e-8	1.2021214583108993e-8	1.196082509394277e-8	1.1889597062386168e-8	1.182777794462074e-8	1.1780773926560293e-8	1.1629640581663964e-8	1.1629640581663964e-8	1.1629640581663964e-8	1.1629640581663964e-8	1.1629640581663964e-8	1.1629640581663964e-8	1.1629640581663964e-8	1.1629640581663964e-8	1.1629640581663964e-8	1.1629640581663964e-8	1.1629640581663964e-8	1.1629640581663964e-8
11.714375251456863	1.7954492474846024	1.5948030383704586e-7	2.5468967656941364e-8	1.4763355867291853e-8	1.283929127804958e-8	1.226712868376203e-8	1.2038561498869241e-8	1.1714375251456866e-8	1.1714375251456866e-8	1.1714375251456866e-8	5.67493434153501	6.700265019294654e-8	1.5961175215188094e-8	1.2949661999280187e-8	1.2277062396185569e-8	1.2033676255817079e-8	1.1714375251456866e-8	1.1714375251456866e-8	1.1714375251456866e-8	5.8740226540478	7.5984497627591e-8	1.6083672385446295e-8	1.2950185509525284e-8	1.2268273001534007e-8	1.2024701746226394e-8	1.1714375251456866e-8	1.1714375251456866e-8	1.1714375251456866e-8	3.315150539638205	3.393158508064663e-8	1.5037643105876502e-8	1.2834519668357944e-8	1.2238390739009198e-8	1.2010278275482642e-8	1.1714375251456866e-8	1.1714375251456866e-8	1.1714375251456866e-8	0.41505375786427806	1.885341600098152e-8	1.3967551112469222e-8	1.265749200344174e-8	1.218953544446705e-8	1.1989997276468211e-8	1.1714375251456866e-8	1.1714375251456866e-8	1.1714375251456866e-8	0.0018266260389185815	1.4773875101031926e-8	1.31963834802147e-8	1.2464505619739475e-8	1.2127778841781166e-8	1.1964843044355098e-8	1.1714375251456866e-8	1.1714375251456866e-8	1.1714375251456866e-8	8.463609973827426e-7	1.3313436018359872e-8	1.2697739840040454e-8	1.2292740574266447e-8	1.2063338288867741e-8	1.1937431617420152e-8	1.1714375251456866e-8	1.1714375251456866e-8	1.1714375251456866e-8	6.355574234132079e-8	1.2656271677213045e-8	1.2383487913999933e-8	1.2156218769477595e-8	1.2004333856889682e-8	1.191077627556708e-8	1.1714375251456866e-8	1.1714375251456866e-8	1.1714375251456866e-8	1.2408507562939644e-8	1.2314016791138936e-8	1.2183745514831908e-8	1.2054235425708868e-8	1.195521764300509e-8	1.1887487666407281e-8	1.1714375251456866e-8	1.1714375251456866e-8	1.1714375251456866e-8	1.2149459360551582e-8	1.2117928043805177e-8	1.2055352117812402e-8	1.198177861991309e-8	1.1918045550677668e-8	1.1869648525863494e-8	1.1714375251456866e-8	1.1714375251456866e-8	1.1714375251456866e-8	1.1714375251456866e-8	1.1714375251456866e-8	1.1714375251456866e-8	1.1714375251456866e-8	1.1714375251456866e-8	1.1714375251456866e-8	1.1714375251456866e-8	1.1714375251456866e-8	1.1714375251456866e-8
11.813663794083801	1.694526586304567	1.6692152531446722e-7	2.6051516846814312e-8	1.495596009250062e-8	1.297198649410153e-8	1.2382707496090745e-8	1.2147369210397414e-8	1.1813663794083807e-8	1.1813663794083807e-8	1.1813663794083807e-8	5.696201994614609	6.962595850068277e-8	1.619759541889953e-8	1.3086519208122894e-8	1.2393179213863178e-8	1.214243314661131e-8	1.1813663794083807e-8	1.1813663794083807e-8	1.1813663794083807e-8	5.909306787867996	7.971811213668004e-8	1.6333639322499156e-8	1.3088067775601637e-8	1.2384364314545206e-8	1.2133283076439924e-8	1.1813663794083807e-8	1.1813663794083807e-8	1.1813663794083807e-8	3.488471205739511	3.5593040287190656e-8	1.526132953070582e-8	1.2969841985987493e-8	1.2353804432028122e-8	1.2118515401906167e-8	1.1813663794083807e-8	1.1813663794083807e-8	1.1813663794083807e-8	0.4701487363439703	1.9358869027746476e-8	1.4151401600664948e-8	1.2787643544854787e-8	1.230363955456475e-8	1.2097704861933013e-8	1.1813663794083807e-8	1.1813663794083807e-8	1.1813663794083807e-8	0.003047464537866156	1.5014614290212187e-8	1.3350368741785982e-8	1.2588680851879066e-8	1.2240132173580194e-8	1.2071862681705564e-8	1.1813663794083807e-8	1.1813663794083807e-8	1.1813663794083807e-8	1.0718258211581074e-6	1.3478243694435586e-8	1.2832561428158651e-8	1.2411345064924328e-8	1.217377486417263e-8	1.2043672945382551e-8	1.1813663794083807e-8	1.1813663794083807e-8	1.1813663794083807e-8	6.936025261789109e-8	1.2791525247048929e-8	1.250646963033744e-8	1.2270280414903927e-8	1.2112956271802098e-8	1.2016239433307589e-8	1.1813663794083807e-8	1.1813663794083807e-8	1.1813663794083807e-8	1.2534511423553393e-8	1.2435252421139695e-8	1.2299391120702612e-8	1.2164875879513397e-8	1.2062301398387548e-8	1.1992258895369179e-8	1.1813663794083807e-8	1.1813663794083807e-8	1.1813663794083807e-8	1.2264829565177787e-8	1.2231628846310581e-8	1.2166399125135361e-8	1.2089992838206338e-8	1.2023955979556286e-8	1.1973886322295092e-8	1.1813663794083807e-8	1.1813663794083807e-8	1.1813663794083807e-8	1.1813663794083807e-8	1.1813663794083807e-8	1.1813663794083807e-8	1.1813663794083807e-8	1.1813663794083807e-8	1.1813663794083807e-8	1.1813663794083807e-8	1.1813663794083807e-8	1.1813663794083807e-8
11.944253079866124	1.560789992152479	1.7707875762265083e-7	2.6832817449993844e-8	1.5211689322474768e-8	1.3147355100903327e-8	1.2535132067072398e-8	1.2290717016300437e-8	1.1944253079866127e-8	1.1944253079866127e-8	1.1944253079866127e-8	5.723315003766654	7.320255809240847e-8	1.6512677713052353e-8	1.3267550178016834e-8	1.2546348522629667e-8	1.228572172911173e-8	1.1944253079866127e-8	1.1944253079866127e-8	1.1944253079866127e-8	5.955380356870563	8.491896495592882e-8	1.6668022309556344e-8	1.3270578913233485e-8	1.2537523031038086e-8	1.2276344953325405e-8	1.1944253079866127e-8	1.1944253079866127e-8	1.1944253079866127e-8	3.7009546883476947	3.796683518152199e-8	1.556133025536534e-8	1.314901644119761e-8	1.2506075288395323e-8	1.2261123647272953e-8	1.1944253079866127e-8	1.1944253079866127e-8	1.1944253079866127e-8	0.5499601460740151	2.006571404843064e-8	1.4397354510465e-8	1.2959907745314066e-8	1.2454168713911819e-8	1.2239609792388806e-8	1.1944253079866127e-8	1.1944253079866127e-8	1.1944253079866127e-8	0.005659524768979633	1.534193210256117e-8	1.3555489622170922e-8	1.2752908801503152e-8	1.2388321499529319e-8	1.221285043397413e-8	1.1944253079866127e-8	1.1944253079866127e-8	1.1944253079866127e-8	1.4868447385240266e-6	1.3698928223434685e-8	1.3011492522305014e-8	1.2568057432352927e-8	1.2319393736538656e-8	1.2183620186271123e-8	1.1944253079866127e-8	1.1944253079866127e-8	1.1944253079866127e-8	7.828871133069746e-8	1.2971263384147079e-8	1.2669242378689459e-8	1.2420851097807091e-8	1.225613614918827e-8	1.215514418353205e-8	1.1944253079866127e-8	1.1944253079866127e-8	1.1944253079866127e-8	1.2701633356509643e-8	1.2595726855316426e-8	1.2452170798403175e-8	1.2310817779204893e-8	1.2203409617999632e-8	1.2130235434654153e-8	1.1944253079866127e-8	1.1944253079866127e-8	1.1944253079866127e-8	1.2417332725456495e-8	1.2381803331428294e-8	1.2312926486074302e-8	1.2232652206810703e-8	1.2163483374548921e-8	1.2111146848057983e-8	1.1944253079866127e-8	1.1944253079866127e-8	1.1944253079866127e-8	1.1944253079866127e-8	1.1944253079866127e-8	1.1944253079866127e-8	1.1944253079866127e-8	1.1944253079866127e-8	1.1944253079866127e-8	1.1944253079866127e-8	1.1944253079866127e-8	1.1944253079866127e-8
12.126760442945727	1.3902806512495434	1.919896793304315e-7	2.7953425896942933e-8	1.5573623764921414e-8	1.3394028462196809e-8	1.2748927703397652e-8	1.2491505337742433e-8	1.212676044294573e-8	1.212676044294573e-8	1.212676044294573e-8	5.759688508283558	7.844491284482559e-8	1.6960837093867093e-8	1.3522494825319114e-8	1.2761256170400857e-8	1.2486442214803092e-8	1.212676044294573e-8	1.212676044294573e-8	1.212676044294573e-8	6.018924967652047	9.276024256532491e-8	1.7146010984622987e-8	1.3527847223391911e-8	1.2752461021228891e-8	1.2476757243000652e-8	1.212676044294573e-8	1.212676044294573e-8	1.212676044294573e-8	3.969913413009777	4.166517133927825e-8	1.599165454728625e-8	1.3401684373190635e-8	1.271978055197491e-8	1.2460900931304164e-8	1.212676044294573e-8	1.212676044294573e-8	1.212676044294573e-8	0.6762485717013632	2.1140576873087546e-8	1.4749113014393077e-8	1.3202722069752579e-8	1.2665405443753705e-8	1.2438391954427905e-8	1.212676044294573e-8	1.212676044294573e-8	1.212676044294573e-8	0.011987464306419233	1.5821138195723057e-8	1.3847198190994556e-8	1.2984162776161854e-8	1.2596219491902168e-8	1.2410328093651607e-8	1.212676044294573e-8	1.212676044294573e-8	1.212676044294573e-8	2.429642020117442e-6	1.401520894403494e-8	1.326469023714988e-8	1.2788452232344135e-8	1.2523607208700228e-8	1.2379612468622198e-8	1.212676044294573e-8	1.212676044294573e-8	1.212676044294573e-8	9.38936144319359e-8	1.3226122021105257e-8	1.289871724339729e-8	1.263234534617748e-8	1.245684150691697e-8	1.2349644085752843e-8	1.212676044294573e-8	1.212676044294573e-8	1.212676044294573e-8	1.2937982931324449e-8	1.2822009649120417e-8	1.2667008297932978e-8	1.2515595854212696e-8	1.2401129029904721e-8	1.2323404103720014e-8	1.212676044294573e-8	1.212676044294573e-8	1.212676044294573e-8	1.2631974502651968e-8	1.2592917571197453e-8	1.251862809601842e-8	1.2432667050975446e-8	1.235892208833436e-8	1.2303287797165638e-8	1.212676044294573e-8	1.212676044294573e-8	1.212676044294573e-8	1.212676044294573e-8	1.212676044294573e-8	1.212676044294573e-8	1.212676044294573e-8	1.212676044294573e-8	1.212676044294573e-8	1.212676044294573e-8	1.212676044294573e-8	1.212676044294573e-8
